1 109 
1 110 
1 111 
1 112 
1 113 
1 114 
1 115 
1 116 
2 117 
2 118 
2 119 
2 120 
2 121 
2 122 
2 123 
2 124 
2 125 
2 126 
2 127 
2 128 
2 129 
3 130 
3 131 
3 132 
3 133 
3 134 
4 118 
4 135 
4 136 
4 137 
5 138 
5 139 
6 121 
6 140 
6 141 
6 142 
6 143 
6 144 
7 109 
7 112 
7 145 
8 146 
8 147 
8 148 
8 149 
8 150 
8 151 
8 152 
8 166 
9 135 
9 153 
10 154 
10 155 
11 149 
11 156 
11 157 
12 133 
13 158 
13 159 
14 136 
14 140 
14 142 
15 122 
15 160 
15 161 
16 113 
16 115 
16 162 
17 118 
17 122 
17 163 
17 164 
17 165 
19 146 
19 147 
19 148 
19 149 
19 150 
19 151 
19 152 
19 166 
20 129 
21 116 
23 112 
24 146 
24 147 
24 148 
24 149 
24 150 
24 151 
24 152 
24 166 
26 146 
26 147 
26 148 
26 149 
26 150 
26 151 
26 152 
26 166 
27 118 
27 125 
28 110 
28 156 
28 167 
28 168 
29 117 
29 120 
29 121 
29 122 
29 126 
30 122 
30 163 
30 164 
30 169 
31 170 
32 158 
32 159 
33 118 
33 155 
33 161 
33 167 
34 171 
35 127 
36 157 
38 172 
38 173 
38 174 
39 172 
39 173 
39 174 
39 175 
45 117 
45 160 
45 175 
46 120 
46 128 
46 153 
46 176 
48 150 
50 112 
51 133 
51 163 
51 164 
51 165 
53 114 
53 118 
53 122 
53 131 
53 177 
55 178 
55 179 
56 180 
58 118 
58 173 
58 181 
59 168 
59 182 
59 192 
61 168 
61 183 
61 184 
62 123 
63 111 
64 157 
65 119 
65 145 
65 169 
65 185 
65 186 
65 187 
65 188 
65 189 
66 170 
66 190 
66 191 
66 192 
66 193 
66 194 
66 195 
66 196 
67 121 
67 168 
67 178 
67 182 
67 197 
67 198 
67 199 
67 200 
68 110 
68 201 
68 202 
68 203 
68 204 
68 205 
68 206 
68 207 
68 208 
69 162 
69 163 
69 176 
69 209 
69 210 
69 211 
69 212 
69 213 
69 214 
69 215 
70 183 
70 216 
70 217 
70 218 
71 118 
71 122 
71 127 
71 130 
71 181 
71 219 
72 138 
72 139 
73 109 
73 119 
73 134 
73 137 
73 186 
73 188 
73 197 
73 205 
73 207 
73 216 
73 220 
73 221 
74 143 
74 170 
74 202 
74 203 
74 208 
74 217 
75 187 
75 209 
75 218 
75 222 
75 223 
76 118 
76 129 
76 169 
76 180 
76 185 
76 201 
76 210 
76 224 
76 225 
77 200 
77 226 
77 227 
78 190 
78 193 
78 201 
78 228 
78 229 
79 141 
79 147 
80 132 
80 213 
80 214 
80 215 
81 116 
81 177 
81 195 
81 196 
82 121 
82 191 
82 199 
82 230 
82 231 
83 130 
83 162 
83 194 
83 211 
84 184 
84 198 
84 219 
84 232 
85 191 
85 212 
85 219 
85 232 
85 233 
86 152 
86 154 
87 195 
87 206 
87 230 
87 232 
88 119 
88 189 
88 192 
88 204 
89 225 
89 227 
89 234 
89 235 
89 236 
90 234 
90 237 
90 238 
91 231 
91 235 
91 238 
92 233 
93 111 
93 124 
93 144 
93 239 
94 224 
95 212 
95 219 
95 234 
95 240 
96 189 
96 221 
96 238 
96 241 
98 234 
99 221 
99 222 
99 229 
99 242 
99 243 
100 119 
100 226 
101 189 
101 223 
101 244 
102 205 
102 210 
102 212 
102 220 
102 237 
103 111 
103 124 
103 144 
103 239 
104 111 
104 124 
104 144 
104 239 
105 222 
105 228 
105 241 
105 243 
106 236 
107 171 
108 167 
108 179 
108 244 
66 240 
89 242 