0 2688
0 1625
0 2137
0 2555
0 2441
1 1933
1 1984
1 235
1 1006
1 1350
1 1390
2 2303
2 2125
2 2898
2 2762
3 487
3 2467
3 2917
3 2906
3 2893
4 2974
4 753
4 1208
4 757
5 711
5 1711
5 1707
5 2740
5 1243
5 1674
5 2779
5 248
6 919
6 714
6 2122
6 2001
6 2835
7 250
7 727
7 2903
7 2059
8 981
8 1320
8 2671
8 2412
8 955
8 1935
8 1276
8 2235
8 1266
8 2931
8 2294
8 1866
8 2270
8 1980
8 11
8 2109
8 547
9 2683
9 2385
9 2666
9 2590
9 1507
10 579
10 452
10 1822
10 1603
10 350
10 1897
11 1337
11 2975
11 773
11 495
12 212
12 605
12 1840
12 395
13 213
13 1810
13 823
13 552
13 2383
14 154
14 1746
14 1827
14 281
14 2548
15 2107
15 244
15 548
16 711
16 522
16 613
16 152
16 2108
16 232
17 2573
17 75
17 2592
17 1583
17 949
17 1011
17 687
17 147
18 814
18 724
18 1855
18 1058
18 2313
19 2433
19 2677
19 321
19 2395
20 1828
20 2193
20 2441
20 2623
20 2298
21 2684
21 479
21 2739
21 1157
21 2489
22 376
22 2124
22 385
22 124
22 2469
22 472
22 1222
23 1242
23 1328
23 422
23 1744
24 121
24 749
24 1975
24 633
24 1817
24 1869
25 853
25 2079
25 242
25 2367
25 1907
25 393
25 2476
25 509
26 1833
26 2485
26 1199
26 2429
27 74
27 1911
27 2894
27 1624
27 2946
27 440
28 526
28 1708
28 2597
29 2447
29 1177
29 294
29 1142
30 1233
30 2259
30 690
30 1613
30 327
30 2694
31 1551
31 439
31 1680
31 105
31 984
32 1471
32 2497
32 1770
32 215
32 1275
32 2205
32 2703
33 2460
33 2915
33 2273
33 1811
34 524
34 1899
34 1747
34 1611
34 1348
35 827
35 1664
35 2734
35 823
35 2471
35 2432
36 2831
36 773
36 897
36 931
36 1252
37 1032
37 1547
37 2631
37 1699
37 2248
37 2400
38 2558
38 2513
38 556
38 582
38 2120
38 232
39 453
39 281
39 482
40 2836
40 2097
40 244
40 392
40 1336
41 1064
41 964
41 584
41 1628
42 656
42 2777
42 368
42 2631
42 325
43 915
43 696
43 2437
43 171
43 255
43 2094
43 1404
44 515
44 2076
44 887
44 1595
45 66
45 1915
45 1712
45 2295
46 2043
46 2622
46 811
46 2971
47 2687
47 2482
47 275
47 2680
47 1975
48 1003
48 1576
48 213
48 663
48 2197
48 296
49 2116
49 2990
49 1786
49 1690
50 1951
50 1549
50 1493
51 2502
51 122
51 576
51 2454
51 742
51 1771
51 1720
51 1188
51 1532
51 2689
52 2174
52 2612
52 641
52 1875
52 1098
52 1273
53 1100
53 1512
53 762
53 61
54 2589
54 2215
54 1537
54 160
54 173
55 457
55 307
55 1570
55 1944
55 2744
55 1926
55 156
55 1874
56 175
56 2972
56 2580
56 1381
56 473
56 1049
56 2765
57 2040
57 1016
57 2078
57 618
58 2680
58 2335
58 1217
58 705
58 1922
59 512
59 542
59 2044
60 1580
60 541
60 1584
60 1058
60 2287
61 1577
61 1694
61 2749
61 146
61 287
61 2759
61 96
61 2156
61 1604
61 2786
61 2113
61 609
61 1665
62 1085
62 1433
62 985
62 466
63 611
63 1810
63 1975
63 1228
64 1631
64 1624
64 2946
64 2826
64 1951
65 1939
65 810
65 1182
65 2420
65 432
65 746
66 1897
66 2570
66 995
66 74
67 2244
67 1312
67 2877
68 2618
68 86
68 2582
68 2555
69 2560
69 568
69 2196
69 2333
69 94
70 546
70 2129
70 1436
70 2386
70 2720
70 203
70 776
71 1062
71 1029
71 2137
71 1383
71 996
71 1239
72 1625
72 1847
72 2426
72 2948
73 2484
73 2888
73 579
73 440
73 2630
73 2915
73 376
73 935
73 1785
73 1769
74 2560
74 2615
75 542
75 1678
75 1809
75 1812
75 988
76 1916
76 1589
76 1431
77 2240
77 2086
77 2183
77 2426
78 2404
78 519
78 1094
79 123
79 2754
79 210
79 2425
79 595
79 2152
79 2680
79 2422
79 2965
80 1940
80 613
80 140
80 151
80 1843
80 2541
80 1149
81 2796
81 1429
81 2145
81 217
81 2340
82 1399
82 2455
82 539
82 1114
83 1223
83 1557
83 2583
83 837
83 2960
83 1940
84 1287
84 972
84 2481
85 194
85 590
85 724
85 1244
85 1256
86 118
86 965
86 961
87 2756
87 1813
87 1372
87 1334
87 234
87 2155
88 133
88 1501
88 2112
89 979
89 2732
89 375
89 957
90 1578
90 2132
90 1930
90 286
90 1849
90 2986
91 795
91 2402
91 1839
91 135
91 1751
91 1010
92 466
92 1231
92 2395
92 2935
93 1808
93 144
93 1742
93 1669
94 1447
94 653
94 2973
94 1545
95 857
95 1301
95 1405
95 474
95 2297
96 1605
96 579
96 677
96 1917
97 1098
97 1479
97 2859
97 1183
97 2002
98 1205
98 2942
98 1894
98 2669
99 1898
99 688
99 2713
99 227
99 305
99 2435
99 1484
100 2562
100 1579
100 2414
100 1999
100 712
100 1508
100 2695
101 237
101 127
101 1089
101 1247
101 1344
101 2711
101 2757
101 2012
101 1770
101 2475
101 1067
101 1652
102 347
102 1765
102 715
103 550
103 1417
103 1949
103 2686
103 2413
103 459
104 587
104 2175
104 1868
104 618
104 557
105 2096
105 2188
105 420
105 134
106 2036
106 2647
106 1653
106 1787
107 2536
107 2771
107 2176
107 966
108 552
108 2991
108 726
108 1377
109 2634
109 2434
109 597
109 272
110 1640
110 2640
110 803
110 125
110 130
110 2343
111 855
111 2614
111 1652
111 807
111 983
112 783
112 2448
112 953
112 1149
112 1450
113 1907
113 1053
113 142
113 703
113 132
113 2850
114 2993
114 1033
114 712
114 2790
114 744
115 2641
115 2277
115 1370
115 924
115 2589
115 1050
115 2899
115 1157
115 410
116 120
116 1073
116 2049
117 2154
117 1264
117 1912
117 239
117 1689
117 2815
117 869
118 1090
118 971
118 1136
119 2052
119 1541
119 1572
119 2813
119 1901
120 1332
120 1369
120 538
120 1463
120 247
120 2702
120 2211
120 908
120 2964
121 961
121 548
121 2206
121 309
121 1874
121 1492
122 2651
122 997
122 990
123 615
123 2116
123 2550
123 1673
123 1266
124 1914
124 1567
124 1549
124 663
124 911
124 2196
124 396
124 1265
125 540
125 1258
126 1536
126 925
126 2349
126 2717
126 2755
126 2436
126 879
127 1225
127 2812
127 1908
128 673
128 417
128 680
129 565
129 796
129 2534
130 1166
130 260
130 1990
130 594
130 1131
130 1422
131 530
131 2071
131 536
131 1088
131 257
131 2307
131 336
132 2308
132 944
132 1001
133 1821
133 838
133 2414
133 346
134 2096
134 2610
134 2123
134 2599
134 2607
134 342
134 1511
134 1613
134 2925
135 2719
135 923
135 2730
135 913
136 1455
136 2120
136 1660
136 2126
136 158
136 954
137 2572
137 2605
137 742
137 576
137 2157
137 369
138 2179
138 1219
138 157
138 385
138 1036
139 651
139 507
139 2543
139 2764
139 2371
139 2228
140 1366
140 1291
140 2537
140 2969
140 1477
141 1322
141 1313
141 2273
141 2192
141 1337
141 2003
142 2579
142 2339
143 2978
143 2972
143 2769
143 1642
144 1823
144 2401
145 1256
145 2782
145 2836
145 1752
146 2705
146 1679
146 1367
147 2607
147 577
147 2017
147 1157
147 2427
147 2576
147 232
148 1534
148 1876
148 1328
148 2391
149 522
149 2017
149 2446
149 1119
150 1558
150 150
150 2462
150 511
151 1642
151 1103
151 2935
151 918
152 2640
152 2694
152 2876
152 433
152 2839
152 1893
152 2353
153 1629
153 2160
153 1649
153 2543
153 2170
153 2166
154 781
154 2656
155 2360
155 2581
155 629
156 2050
156 1044
156 586
156 2456
156 1851
156 548
156 1491
156 2592
156 2952
157 2629
157 2165
157 1687
157 2748
158 1231
158 2576
158 2017
158 1120
159 1612
159 602
159 286
159 1631
160 2741
160 2445
160 2866
160 1957
160 2823
160 412
160 897
160 2761
160 889
161 1830
161 2420
161 1084
161 1217
161 2855
161 2207
162 635
162 870
162 347
162 1286
163 2190
163 962
163 1595
164 359
164 1345
164 2657
164 2635
164 2213
164 2838
165 1712
165 755
165 2550
165 2292
165 421
166 1081
166 1212
166 1192
166 2432
166 2514
166 2981
166 2733
167 2000
167 2018
167 1148
167 2503
167 2897
168 1108
168 318
168 427
169 1820
169 1415
169 608
170 1061
170 2495
170 1988
170 185
170 485
170 1555
170 1346
170 533
170 2264
170 1812
170 2501
170 1214
171 1267
171 508
172 519
172 422
172 1412
172 1725
172 324
173 1574
173 2924
173 2286
173 1862
174 2680
174 635
174 2464
174 336
174 802
175 387
175 2631
175 2924
175 1963
175 2575
175 325
175 2470
175 2536
176 2828
176 1468
176 883
176 542
176 196
177 1186
177 2856
177 2846
177 700
178 637
178 371
178 2817
178 2835
179 1495
179 927
179 661
179 2952
180 1021
180 730
180 2914
181 1096
181 741
181 661
181 2228
181 195
182 2168
182 1736
182 2492
182 975
183 935
183 2399
183 2266
183 2102
183 963
183 321
183 1855
183 2895
184 403
184 1829
184 188
185 632
185 2162
185 1081
185 1597
185 840
186 190
186 892
186 1099
186 1434
187 2226
187 852
187 452
187 1317
187 1365
187 411
188 2871
188 2212
188 807
189 1552
189 2204
189 1460
190 1198
190 2757
190 784
190 1523
191 1106
191 451
191 1787
191 2029
191 2953
192 1856
192 2212
192 2930
192 314
193 543
193 757
193 1435
193 2770
193 2430
194 2647
194 2991
194 338
194 1287
195 2611
195 2002
195 2386
195 917
196 835
196 2215
197 2207
197 2155
197 1792
197 2654
198 2820
198 2275
198 1208
198 2500
198 858
199 705
199 2242
199 363
199 1957
199 1660
200 2183
200 1116
200 1904
200 816
200 2507
201 2055
201 2068
201 540
201 2617
201 1726
201 2192
201 381
202 1620
202 1205
202 2632
202 1403
203 1162
203 2835
203 2886
203 331
203 1832
204 1372
204 1745
204 710
204 2917
204 1987
205 451
205 547
205 2322
205 2121
205 2661
205 346
206 900
206 1782
206 566
206 1792
207 870
207 2631
207 1043
207 860
207 2438
208 1343
208 1883
208 328
208 2457
208 509
208 1639
209 2619
209 1723
209 2458
210 615
210 2579
211 1088
211 2143
211 2393
211 954
212 2121
212 695
212 810
213 2116
213 370
213 1787
214 581
214 1219
214 2868
215 449
215 2665
215 355
216 2358
216 956
216 509
216 1859
216 760
216 233
216 2864
216 2764
216 819
216 1960
216 2476
217 1210
217 523
217 1805
218 1375
218 884
218 2959
219 861
219 1525
219 825
220 1611
220 700
220 401
220 301
220 2883
221 1541
221 1489
221 1265
221 2857
221 2775
221 1747
222 2512
222 2200
222 850
222 1747
222 2827
222 1319
223 849
223 2200
223 962
223 1327
223 1300
224 2183
224 399
224 2259
224 327
224 2808
224 832
224 2220
224 2153
224 1434
225 512
225 562
225 591
225 1445
225 960
225 2045
225 1803
226 1620
226 688
226 1230
227 1077
227 885
228 1090
228 2133
228 1049
228 1028
228 2210
228 2534
229 1190
229 2865
229 1096
229 1198
229 707
229 775
230 1852
230 1756
230 1241
230 366
230 1982
230 582
231 642
231 1491
231 466
231 2867
232 2276
232 613
232 321
232 2523
233 1525
233 1922
233 1281
233 271
233 2367
233 1347
234 2822
234 925
234 2984
234 2601
235 2046
235 2256
235 980
235 1522
236 393
236 2622
236 693
236 2337
236 445
237 536
237 2109
237 608
237 592
238 1043
238 1640
238 681
238 1514
239 671
239 383
239 1720
240 469
240 1616
240 1599
240 2944
241 2008
241 984
241 878
242 703
242 2774
242 2625
242 1409
242 1939
243 2451
243 2206
243 515
243 539
243 1459
243 1350
244 2652
244 743
244 499
244 2102
244 812
245 948
245 839
245 855
245 2898
246 1227
246 699
246 1001
246 2828
246 2406
247 1138
247 430
247 1038
247 2667
247 2815
247 1302
247 356
248 691
248 1686
248 2435
248 2762
248 1701
248 2786
249 1581
249 1067
249 2627
250 1049
250 1526
250 267
250 384
251 1911
251 1538
251 2191
251 2706
252 1773
252 605
252 2869
252 2457
252 723
253 532
253 678
253 521
253 273
253 2101
253 2550
254 590
254 2055
254 2064
254 1550
254 2379
255 2959
255 885
255 2781
255 1589
255 1321
255 1188
255 1101
255 2130
256 2655
256 524
256 1792
256 2324
256 1153
257 834
257 1602
257 1937
257 1509
257 2114
257 2329
257 1454
258 2109
258 2800
258 693
258 934
259 2117
259 1426
259 805
260 1160
260 1545
260 2091
260 569
260 734
261 524
261 1930
261 261
262 2132
262 2730
262 2222
262 1202
263 2122
263 1234
263 2813
263 1051
263 2138
264 2277
264 2662
264 677
264 866
264 1487
265 2299
265 265
265 2835
266 875
266 754
266 2962
266 1830
266 268
266 2332
266 2108
267 2559
267 267
267 2857
267 737
267 1279
267 2888
267 1809
267 2391
268 2268
268 1275
268 562
269 2295
269 954
269 1279
269 462
269 2483
270 1725
270 2295
270 1542
270 909
270 1388
271 1732
271 477
271 2355
272 2810
272 671
272 2940
272 2634
272 1080
272 2853
273 930
273 2141
273 1635
273 2014
274 1205
274 1111
274 2106
275 1209
275 568
275 836
276 2409
276 276
276 2111
277 734
277 499
277 387
278 1138
278 671
278 1788
278 2815
278 308
278 1304
279 2122
279 2781
279 1582
279 1334
279 2660
279 772
280 2868
280 2485
280 1467
280 1833
280 1332
280 2429
280 469
281 2195
282 2148
282 1698
282 2373
282 2642
282 1461
283 573
283 2272
283 2003
283 2863
283 346
284 696
284 777
284 1422
284 2647
284 2390
285 2962
285 1813
285 2341
286 2595
286 1968
286 1082
286 1144
286 855
286 2481
286 2030
286 2048
287 2749
287 1931
287 458
288 2844
288 2323
288 2074
288 1985
288 1339
288 1361
288 1957
288 2223
289 558
289 2229
289 2113
290 2654
290 1611
290 2356
290 976
291 1604
291 1647
291 781
291 957
292 1262
292 1782
292 2499
293 949
293 876
293 1815
293 1000
293 2639
294 447
294 1445
294 2620
294 364
294 840
294 2854
294 2143
295 2056
295 996
295 1159
295 1675
296 2806
296 774
296 318
296 2971
296 1973
297 1838
297 894
297 1471
298 1913
298 1219
298 2932
299 593
299 2776
299 2948
299 811
300 773
300 2604
300 2654
300 310
300 2884
300 2149
301 2212
301 316
301 2353
301 1179
301 753
301 862
302 1617
302 2239
302 2620
302 1922
302 408
303 882
303 977
303 570
303 2963
304 2871
304 2397
304 361
304 2464
304 343
304 1552
304 2879
305 647
305 2708
305 2209
305 2334
306 549
306 2245
306 1972
306 818
306 2980
307 515
307 1044
307 2076
307 548
307 584
307 2889
308 671
308 510
308 1428
308 1865
309 1109
309 2755
309 2016
309 1851
309 474
310 1485
310 1896
310 1883
310 773
310 489
310 769
311 1540
311 2308
311 1040
311 2516
311 483
312 1324
312 2182
312 703
312 2404
312 1953
313 2461
313 646
313 1356
313 2907
314 2730
314 701
314 2163
314 1877
314 2719
314 1754
315 2053
315 402
315 2125
316 1751
316 679
317 1117
317 1248
317 468
317 696
317 339
317 435
318 1899
319 583
319 603
319 1740
319 326
320 2247
320 720
320 473
320 2992
321 1781
321 2350
321 2438
322 801
322 634
322 1239
323 548
323 1671
323 1673
323 1595
323 1077
323 1115
324 1894
324 2060
324 2133
324 2862
324 2503
324 1152
325 2667
325 1394
325 1766
325 407
325 940
326 591
326 1278
326 1092
326 2173
327 2154
327 2652
328 2284
328 2816
328 1767
328 1146
329 1462
329 1761
329 2320
329 2498
330 780
330 898
330 748
330 1919
330 2503
330 2728
330 1535
331 2105
331 2679
331 2557
332 732
332 2122
332 674
332 1334
332 394
332 1926
332 854
333 898
333 2701
333 781
333 2693
334 2700
334 2313
334 607
334 840
334 1810
335 1452
335 674
335 1744
335 2100
336 840
336 1142
337 777
337 2700
337 1718
337 1835
338 1530
338 2332
338 2186
339 2221
339 1334
339 2984
339 345
340 1708
340 1757
340 2877
341 2201
341 2256
341 575
342 1236
342 435
343 1014
343 1829
343 2950
343 2009
343 2870
344 1598
344 1101
344 1215
344 2775
344 2337
345 2225
345 2893
345 2016
345 684
345 1211
345 2693
345 1123
345 2035
345 2463
345 2557
346 2347
346 788
347 1571
347 2929
347 829
347 2205
348 2149
348 1807
348 1376
348 1932
349 2738
349 1226
349 649
349 2198
349 976
349 589
350 1093
350 1469
350 1752
351 597
351 1655
351 1526
351 659
351 2253
351 878
351 942
351 2853
351 788
352 756
352 2828
352 685
352 2541
353 1299
353 2877
353 1479
354 734
354 1883
354 2298
355 2354
355 2426
355 2818
356 2953
356 1611
356 973
357 1284
357 1786
357 2347
357 2956
357 1993
358 2683
358 2565
358 1578
358 1994
359 675
359 2756
359 394
360 2823
360 790
360 796
360 1993
361 1978
361 955
361 416
361 866
362 2569
362 1046
362 1049
362 1163
362 727
363 625
363 1301
363 420
363 2408
363 890
363 1207
364 2677
364 1068
364 1611
365 748
365 1626
365 1765
365 2553
365 2073
365 1438
365 2895
366 1885
366 1322
366 2849
366 2527
367 2840
367 2029
367 968
367 419
367 1993
368 1658
368 1167
368 2845
368 2500
369 1548
369 1070
370 520
370 2574
370 576
370 1628
370 2926
371 1148
371 2250
371 2458
372 2429
372 2699
372 2432
372 2133
373 1654
373 1007
373 890
373 1233
374 2049
374 848
374 2714
374 2973
375 859
375 2901
375 597
375 2352
375 1941
376 1567
376 1119
376 2911
376 2885
376 1559
377 2245
377 876
377 1944
377 1524
378 1629
378 831
378 2111
378 2952
379 2112
379 1140
379 805
379 2472
380 2744
380 1289
380 1002
380 2504
380 1238
381 2950
381 1531
381 2039
382 1581
382 1681
382 2934
382 621
383 1800
383 447
383 2226
384 524
384 2077
384 2828
384 2937
384 1442
384 2654
384 973
385 2160
385 1449
385 2707
385 1770
386 2097
386 1839
386 1347
386 880
386 1568
387 2625
387 2650
387 2761
387 889
388 628
388 2918
388 2214
389 2262
389 2274
389 2753
390 1603
390 700
390 593
391 558
391 517
391 1598
391 639
392 1812
392 2359
392 1348
392 724
393 1240
394 2649
394 1972
395 1859
395 2028
396 848
396 568
396 1534
396 1427
396 1758
396 2484
396 1515
397 1095
397 441
397 1571
397 2826
398 1269
398 810
398 2278
398 1513
399 942
399 1332
399 868
400 1915
400 1668
400 2060
400 1449
400 2753
401 1788
401 2913
402 2093
402 1276
402 1452
403 2331
403 861
404 1117
404 2408
404 1512
405 2265
405 1941
405 425
405 405
405 2489
405 2541
406 1174
406 406
407 1256
407 1787
407 2647
407 600
407 2499
407 2550
407 652
407 2531
408 2095
408 636
409 2381
409 2738
409 2437
410 1204
410 1358
410 2943
410 1621
410 1240
410 2231
411 784
411 1974
411 498
411 2336
411 1718
411 655
411 1464
412 597
412 2751
412 2385
412 1655
412 2061
412 1579
412 2864
413 1714
413 850
413 2465
414 821
414 2566
414 775
415 2159
415 1647
415 2048
415 529
415 2142
415 2489
416 1804
416 1978
416 2698
417 1906
417 1863
417 1381
417 954
418 618
418 2221
418 2234
419 2015
419 699
419 1606
419 2118
419 713
420 1661
420 1662
421 873
421 1825
422 737
423 860
423 2601
423 2606
423 1102
423 2939
423 1996
423 864
424 1842
424 435
424 2921
424 2352
424 566
425 2114
425 2169
426 694
426 968
426 643
427 634
427 1841
427 1860
428 600
428 2207
428 1419
429 1088
429 2782
429 1260
429 522
430 2319
430 2262
430 1062
430 2697
431 516
431 1129
431 771
431 1296
431 2391
431 1210
432 778
432 2958
432 1920
433 1232
433 2256
433 1358
434 2778
434 2600
434 2045
434 2325
434 868
434 762
434 1162
435 2755
435 2490
436 2662
436 2177
436 2199
437 1971
437 644
437 1861
437 1918
437 2455
437 1258
437 473
437 2518
438 2967
438 1853
438 2041
439 2096
439 1594
439 1667
440 1607
440 1019
440 935
440 2588
440 1612
441 1579
441 1076
441 597
442 2815
442 510
442 799
442 1428
442 2447
442 1796
442 2383
442 465
443 926
443 1020
443 2399
443 1348
444 2119
444 1547
444 513
445 907
445 1567
446 2749
446 809
446 2551
447 2477
447 2919
448 1270
448 1290
448 2751
448 1585
448 1244
449 1555
449 1614
450 1655
450 536
450 1596
450 580
450 1078
451 2027
451 2323
452 2051
452 1557
452 702
453 1874
453 1143
453 2613
453 1103
453 939
454 2509
454 728
454 1651
455 612
455 2724
455 1405
455 905
456 2257
456 1920
456 1621
456 1608
457 953
457 2105
457 1523
458 1847
458 2948
459 512
459 2586
459 2600
459 2968
460 1572
460 563
460 2623
460 2680
460 2746
461 602
461 1435
461 1715
461 1341
461 916
462 2135
462 950
463 1099
463 2120
463 2026
464 622
464 1709
464 2733
465 2638
465 2427
466 1359
466 2427
466 1941
466 1085
466 627
466 1935
466 1481
466 506
467 1560
467 2394
467 541
467 2596
468 1213
468 1235
468 1334
468 714
468 1117
468 2032
468 2437
468 2408
468 1999
468 624
468 1120
469 731
469 2209
470 1409
470 642
470 2582
471 2096
471 961
471 847
472 875
472 654
472 2350
472 903
473 837
473 998
474 1044
474 1181
474 2352
474 1506
474 1595
474 1570
474 2921
474 586
474 1753
474 2666
474 2000
474 1836
474 2003
475 2253
475 1227
475 1827
475 1663
475 1310
476 2571
476 1572
476 1702
476 1592
476 2646
477 1860
477 897
477 795
477 1102
477 553
478 674
478 1921
478 2934
479 522
479 1457
480 1264
480 2967
480 2714
480 2051
481 2068
481 567
481 1619
481 1329
482 567
482 620
482 535
482 2216
482 694
483 1070
483 2164
483 1263
484 1146
484 2137
484 1729
484 2003
484 506
485 530
485 2363
485 1514
485 1011
486 1034
486 2578
486 923
487 1399
487 760
488 1947
488 2904
488 2816
488 1048
489 494
489 871
489 1164
489 1755
489 1413
490 2635
490 1701
490 2370
491 1975
491 2671
491 1107
492 2828
492 1005
492 1445
492 1238
493 986
493 1536
493 2352
493 854
493 2103
494 1950
494 2471
494 2038
495 1440
495 797
495 1739
495 1240
495 1064
496 2218
496 2268
496 767
496 2910
497 2961
497 998
497 1181
498 2299
498 1879
498 2535
499 824
499 1777
500 1592
500 1088
500 2173
500 771
500 1843
501 1774
501 1855
501 1255
501 716
501 980
502 624
502 1599
502 2829
502 574
503 2458
503 1722
503 1527
504 2769
504 1255
504 644
505 525
505 570
505 1687
506 1950
506 2102
506 2935
506 2661
506 2621
506 2684
506 506
506 2712
506 1108
506 1693
507 2798
507 2351
507 1522
507 1033
508 1157
508 1028
509 1694
509 1777
509 2325
509 1182
509 886
510 2110
510 1854
510 2194
510 1371
511 875
511 1519
511 1164
512 2024
512 1526
512 2472
512 2117
512 2385
512 1355
512 1936
512 2387
512 1221
512 2139
513 1798
513 1334
514 1743
514 638
514 2862
514 2838
514 1875
515 906
515 670
515 1156
516 546
516 1025
516 1889
516 2594
516 2184
516 1876
517 634
517 1968
517 517
517 2595
517 1991
517 681
517 2523
518 1820
518 2655
518 944
518 558
518 1126
518 1659
518 2951
519 2254
519 958
519 737
519 1104
519 1997
519 2665
519 2562
519 2667
519 954
520 1923
520 2702
520 2712
520 2536
521 2588
521 2919
521 2127
521 634
521 555
522 1122
522 2066
523 1039
523 639
523 904
523 1916
523 939
524 1899
524 1781
524 2968
524 1298
524 2668
524 2854
524 1097
524 1516
524 2505
524 915
524 1947
524 2985
525 1668
525 1439
525 2031
526 2810
526 2111
526 2143
526 1078
526 1476
527 2666
527 2887
527 2073
527 2951
527 829
527 2052
528 1090
528 1683
528 2078
528 2720
528 2599
528 1013
528 2520
529 2152
529 554
529 2036
529 641
529 615
529 1241
530 2105
530 612
531 676
531 644
531 1808
531 665
532 1060
532 1993
532 1174
533 2986
533 1216
533 835
533 2691
533 1251
534 2402
534 1218
534 573
534 1052
534 1425
535 1543
535 1597
535 2739
535 540
535 669
535 1273
536 1207
536 2628
536 2207
536 1398
536 2651
537 1839
537 743
537 1473
538 1614
538 2453
538 2211
538 1999
538 1651
539 1493
539 544
539 1608
539 840
540 2640
540 2188
541 572
541 1922
541 2204
541 1263
541 1966
542 721
542 2586
542 1026
542 575
542 1945
543 2625
543 1490
543 559
543 1691
543 2828
543 2439
544 2357
544 1427
544 1502
544 2878
544 2469
544 934
544 2074
544 1360
544 1754
545 2786
545 1635
545 697
545 1204
545 897
546 1105
546 2464
546 2579
547 1457
547 2083
547 2907
547 686
547 901
548 2842
548 2626
548 2456
548 1215
548 927
549 2618
549 1268
549 830
549 2607
549 583
549 2199
550 1689
550 1466
550 718
550 1206
550 2480
550 2901
550 2638
550 2941
550 1406
550 1087
550 791
550 1521
551 2916
551 2633
551 1611
552 1576
552 1077
552 1256
552 1285
553 2705
553 1442
553 2790
553 1433
554 926
554 2489
554 1810
555 556
555 2851
556 730
556 1654
556 1708
556 2474
557 896
557 1590
557 592
558 1144
558 2159
558 1370
558 813
558 2944
558 895
559 2620
559 2861
559 575
559 2169
559 2937
560 1666
560 617
560 2383
560 1435
561 692
561 2270
561 1221
561 1648
561 1199
561 2860
562 2024
562 1499
562 2288
562 2948
563 2193
563 2278
563 2637
563 1643
564 1574
564 2097
564 2076
564 1777
564 2528
564 2391
565 2009
565 902
566 2734
566 2964
567 609
567 2055
567 2927
567 1405
567 1989
568 2900
568 2394
568 2875
568 2046
569 632
569 2320
570 991
570 1132
570 1316
570 694
570 2198
571 2179
571 2099
571 1141
571 2115
571 2788
571 765
571 2011
572 1715
572 1559
572 2234
572 2384
572 2204
572 704
573 2199
573 2635
573 1066
573 583
573 1268
573 2344
573 1981
574 2101
574 2296
574 1301
574 2737
574 627
575 2920
575 2473
576 1101
577 2665
577 2066
577 2382
577 1729
578 2938
578 1496
578 1699
578 2434
578 713
578 1028
578 1398
579 1181
579 2088
579 913
579 2911
579 1019
579 2246
580 2665
580 929
580 2269
581 2378
581 2501
581 1616
581 2713
581 1862
582 2352
582 2684
582 2523
582 2541
583 2168
583 1133
583 670
583 1374
584 1424
584 766
584 2539
585 2788
585 959
585 1557
586 2580
586 1595
586 847
587 1115
587 1185
587 2938
587 1954
588 1386
588 1195
588 1329
589 2946
589 1256
590 1377
590 2687
590 2746
591 2585
591 2759
592 1058
592 2204
592 1220
593 2748
593 752
594 1990
594 1346
594 2524
595 2344
595 1161
595 1424
595 2484
595 2658
595 2663
596 1591
596 2019
596 2923
596 2204
596 1220
596 2244
597 1406
597 2117
597 2901
597 2778
597 827
597 1814
597 2472
598 2370
598 2621
598 827
598 1140
599 1356
599 2246
599 2089
599 2031
599 2529
599 1416
600 1890
600 1182
601 1135
601 1490
601 899
601 683
601 2237
602 924
602 2944
602 2537
602 2922
603 1150
603 1308
603 2894
603 1638
604 1587
604 2966
604 888
604 2639
604 2182
605 1438
605 2239
605 876
606 1224
606 1258
606 2856
607 2971
607 2854
607 2279
608 2471
608 1215
608 2779
608 2800
608 1316
609 1882
609 2380
610 1477
610 2443
610 1130
610 1185
611 2658
611 2712
611 615
611 2224
612 1273
612 2162
613 2010
613 1586
613 1024
613 2126
614 2856
614 2693
614 889
615 2048
615 1576
615 1105
615 665
615 1924
615 724
615 1955
615 2036
615 2951
615 1828
615 2578
615 2764
615 1451
615 1879
616 1114
616 1762
616 1552
616 1065
616 1591
617 1814
617 617
617 860
617 1394
618 2906
618 891
618 2595
618 1518
619 699
619 1866
619 851
619 2664
619 2038
620 2797
620 1385
620 1812
621 2109
621 1878
621 1311
622 1895
622 1294
623 1554
623 1704
623 1924
623 2241
623 2330
623 1559
623 1634
624 2686
624 1598
624 731
624 2389
624 2179
624 2929
625 1502
625 2821
625 2279
625 2447
625 2702
626 925
626 1098
626 731
626 1273
627 1606
627 2114
627 2120
627 1122
627 1656
627 1148
628 2134
628 2340
628 2029
629 2643
629 2118
629 1103
629 1976
630 1569
630 2682
630 2138
630 819
630 672
630 757
631 1643
631 665
631 1787
631 2058
632 2767
632 2612
632 978
633 1931
633 2986
633 1879
634 2331
634 2210
634 1115
634 2944
634 1072
634 2018
634 2380
635 801
636 2215
636 2512
636 636
636 2438
636 1419
636 775
637 1652
637 2203
637 2206
638 2834
638 1060
638 1184
638 2969
639 2246
639 2264
639 1488
639 1496
639 1514
640 2634
640 2533
640 1631
640 671
641 847
642 2566
642 1613
642 1618
642 2717
643 1392
643 2526
643 1945
644 2677
644 2173
644 2371
644 2716
645 2632
645 1323
645 2280
645 1878
646 1848
646 2528
646 2596
646 2309
646 2418
646 2063
647 2764
647 1385
648 2308
648 1653
648 1531
648 1382
648 2935
648 707
648 1401
649 2714
649 2834
649 2226
650 1088
650 2230
650 2178
650 761
651 2718
651 1707
652 1761
652 2442
652 1164
653 1643
653 2624
653 2279
653 2356
654 1048
654 2379
654 1834
655 1636
655 1179
655 2213
655 2824
655 655
655 1357
655 1864
655 1201
656 1861
656 2530
656 2500
656 2935
657 2499
657 2164
657 821
657 1737
657 1341
657 1815
658 1595
658 1178
658 1335
659 1406
659 2778
659 1669
660 1736
660 2056
660 1116
660 1953
661 2804
662 2619
662 1745
662 2742
662 1110
662 2801
662 2099
662 2854
663 1099
663 2271
663 748
663 1453
664 2556
664 2768
664 1961
664 1742
665 2023
666 2666
666 2589
666 2537
666 1128
666 703
667 1510
667 1176
667 1304
667 1291
668 1193
668 728
668 1652
668 1789
668 1311
668 2510
668 1238
669 815
669 1166
669 922
669 2264
670 690
670 2096
670 2510
670 678
670 2492
670 2249
671 1469
671 2896
671 2263
671 2940
672 2867
672 1165
672 1964
673 1088
673 933
673 2901
674 1368
674 2437
674 780
674 1015
675 2258
675 2410
675 982
675 2745
675 1243
675 2424
675 898
675 1122
676 2683
676 2532
676 2964
677 1189
677 2133
677 678
677 2736
678 2705
678 1577
678 1267
678 2450
678 1512
678 1034
679 1729
679 2448
680 2978
680 1419
680 2650
680 2251
680 2892
681 2420
681 2745
681 2220
681 850
682 2162
682 1730
682 1640
682 2768
682 2174
682 2787
682 1214
682 946
682 1187
682 722
683 2103
683 2148
683 2261
683 1316
683 2011
683 2453
684 2932
684 716
684 1562
684 2428
685 1677
685 867
685 2178
685 1211
685 1153
686 1451
686 2637
686 2752
687 920
687 1040
687 2478
687 1306
688 693
688 1492
688 2740
688 1313
688 1932
688 1484
689 1400
689 1440
689 2212
690 1615
690 2021
690 1223
690 1900
691 1242
691 2622
691 1373
691 2370
691 1484
692 1849
692 2999
692 2221
692 1217
692 2275
693 2711
693 2762
693 1215
693 2300
693 2136
694 1719
694 1693
694 2450
694 1354
695 1054
695 2221
695 900
695 2963
695 2202
696 2044
696 1460
696 1216
696 2912
697 2091
697 1449
697 2403
698 2540
698 2519
698 907
698 1646
698 992
699 1648
699 2323
699 2239
699 2840
700 1114
700 1818
701 1702
701 1599
702 833
702 2732
703 2564
703 1776
703 1882
703 2556
704 2148
704 1740
704 1490
704 2454
705 2383
705 1913
706 2240
706 2713
706 2311
706 2829
707 1878
707 1330
708 2236
708 2412
708 792
708 897
709 1190
709 2460
709 2811
709 1830
709 2243
709 1979
710 1868
710 2361
710 2882
711 2393
712 1894
712 1560
713 1038
713 905
713 939
713 881
714 777
714 2716
715 1171
715 1889
715 834
715 999
715 1582
715 2269
715 1725
715 1008
715 1329
715 2478
715 1055
715 2992
716 2722
716 2405
716 1339
716 793
716 2347
716 2463
717 1184
717 883
717 1624
717 1477
717 2505
718 2452
718 2954
719 2156
719 1180
719 1267
719 1066
719 1120
719 2492
719 986
719 2777
720 1067
720 2224
720 2698
720 1815
720 2992
721 2729
721 816
722 1823
722 1252
723 1574
723 2215
723 1339
723 2202
723 2008
724 1287
725 2723
725 1422
725 1440
725 1444
726 2323
726 2520
726 2799
727 1040
727 1997
727 2393
727 2674
727 1918
728 1124
728 1920
728 2987
729 2072
729 1347
729 982
729 2067
729 970
730 1591
730 2234
730 2159
731 1004
731 1205
731 2762
731 1712
732 1117
732 1756
732 2962
732 1400
732 1938
732 1685
733 2449
733 2801
733 1371
734 1583
735 1801
735 1813
735 1227
736 1801
736 1244
736 821
737 954
737 1600
737 2342
738 2051
738 738
738 2911
738 1964
739 2585
739 1561
739 1780
740 1768
740 2064
740 1555
740 2264
741 2506
741 2268
741 2304
741 762
741 1893
742 2709
742 2252
742 2934
742 2018
742 1544
742 1425
743 1312
743 2528
744 2636
744 2120
744 1890
745 2708
745 2201
745 1522
745 2432
745 1562
745 1875
746 1712
746 767
747 1197
747 1004
747 1470
747 1320
747 2408
747 887
748 1386
748 1634
748 2411
749 1735
749 2480
750 1902
750 1027
750 1384
750 1788
751 2238
751 2760
751 1121
751 2493
752 2082
752 967
752 907
753 2505
753 2278
753 2393
754 1243
754 887
754 867
754 2841
754 2999
755 2236
755 1220
755 1168
756 1408
756 2822
757 2738
757 1419
758 2704
758 2207
758 2747
758 1465
758 974
759 948
759 1399
759 1819
759 1038
759 1147
759 1813
759 2837
760 2572
761 1399
761 1753
761 1550
761 1779
762 2256
762 1838
762 2046
763 2776
763 929
763 2324
764 820
764 1253
764 2392
764 810
765 2472
765 2244
765 1000
766 2881
766 1196
766 830
767 1198
767 2965
767 1892
767 1454
767 1716
767 1355
767 2882
767 2773
768 1971
768 1763
768 2568
768 1369
768 906
769 1067
769 2224
769 2827
769 2818
770 1025
770 2207
770 1195
771 1079
771 1943
772 2077
772 1639
773 1883
773 2872
773 2714
774 2763
774 2843
774 1350
776 2658
776 1802
776 2647
776 2508
776 2242
777 2221
777 2756
778 2721
778 946
778 1887
778 1158
778 1196
779 1288
779 1993
779 2776
779 1294
779 2335
780 1197
780 2368
780 885
780 1619
780 1334
781 2970
781 873
781 2341
781 2971
781 2557
782 2815
782 1392
782 2011
782 1848
782 1912
782 2151
783 2647
783 2322
784 1183
785 2070
785 2327
785 1219
785 2507
786 1556
786 1617
786 1294
786 2846
786 2314
787 2692
787 2789
787 2768
787 1831
788 2556
788 1698
788 1522
788 2203
788 2535
789 1852
789 1054
789 2079
789 1004
790 2664
790 2048
791 2451
791 1574
791 1845
791 2931
791 2477
791 2421
791 1478
792 1721
792 2770
792 1490
793 2336
793 1238
793 2066
793 2535
794 2379
794 2757
794 1026
794 1690
795 1623
795 1121
796 2488
796 2807
797 2262
797 1259
797 859
798 1617
798 1294
798 842
798 2476
799 2837
799 2139
799 1684
799 2233
800 2517
800 2163
800 2758
800 1318
800 1401
801 2131
801 1820
801 2404
802 2887
802 2482
802 2974
803 1080
803 2259
803 1988
803 1279
804 1056
804 1794
804 2520
805 2888
805 2558
805 1617
806 2504
806 2789
806 2431
807 2277
807 1903
807 839
807 2944
808 1040
808 2133
808 1927
808 920
809 2078
809 2156
809 2749
809 2390
809 2555
810 1271
810 909
810 1753
811 1040
812 941
812 1762
812 893
813 2182
813 2648
813 2986
814 2649
814 2745
815 2881
815 2812
815 1131
815 2321
816 1572
816 2780
816 2340
816 1895
816 2310
816 1062
816 2296
816 1890
817 1129
817 2760
817 2276
818 1667
818 1511
818 1968
818 1396
818 2029
819 956
819 921
819 1520
820 1572
820 1063
820 934
821 1332
821 1537
821 1374
821 2092
821 1326
822 1176
822 2682
822 2368
822 992
823 1562
823 2819
823 1475
824 1486
824 1782
824 1037
825 906
825 2136
825 2343
826 1118
826 2679
826 2223
827 2595
827 2922
827 2163
828 1746
828 2369
828 2577
828 1952
829 829
829 1253
829 2203
830 2301
830 2345
831 1536
831 2514
831 1353
831 1607
831 2823
832 950
832 1246
832 934
832 1364
833 1489
833 1929
834 1040
834 2747
835 2937
835 1500
835 2030
836 1195
836 1476
836 1989
837 2905
837 875
837 2542
837 1170
838 2812
838 1593
839 2621
839 1358
839 1425
840 2561
840 2948
840 2821
840 1097
841 2615
841 1624
841 2720
841 2911
841 2377
842 2708
842 1133
843 2209
843 1759
843 1833
844 2265
844 1118
844 2167
844 2703
845 1190
845 1386
845 2942
845 1596
845 1159
846 1654
846 2720
846 1065
846 1712
847 1326
847 2290
848 2469
848 1946
849 2718
849 2710
849 1719
850 1257
851 1574
851 2766
852 2065
852 1162
853 924
853 2040
853 2928
854 989
854 1127
854 2802
856 1578
856 1094
856 1070
856 1575
856 2780
857 2837
857 2153
857 869
858 2859
858 1426
859 960
859 2371
859 1734
859 863
859 2882
860 889
860 865
860 2186
860 2494
860 2377
860 1616
860 2172
861 1258
861 1441
861 1541
862 2274
862 1347
862 1182
862 2137
863 2061
863 2605
863 2559
864 2652
864 2283
864 2815
864 1974
864 2083
864 1442
865 2939
865 2884
866 1853
866 1335
866 1347
866 931
867 2846
867 1710
868 1063
868 912
868 2867
869 1428
869 1538
870 1657
870 1432
871 2239
871 2323
871 1290
871 1407
871 2988
871 1609
872 2302
872 2176
872 2281
873 2575
873 2593
873 1910
874 1967
874 2655
874 2614
874 2116
874 2943
875 2357
875 1113
876 2375
876 1859
876 2662
876 1853
876 1907
877 2053
877 1321
877 1413
878 1206
878 951
878 2166
878 2204
878 2838
879 1134
879 2083
879 2235
880 1182
880 2635
881 1091
881 2337
882 1701
882 2659
883 1929
884 2642
884 1066
884 1965
885 2342
885 1452
886 1618
886 2830
886 2834
887 1484
887 1422
888 2210
888 1978
888 2261
889 1898
890 2784
891 1578
891 2655
891 2404
892 2930
892 1530
893 2869
893 2925
894 1070
894 1760
895 995
895 1115
895 2520
895 2986
895 1270
895 959
896 1072
896 2652
896 2595
896 983
897 1574
898 2510
898 1262
898 2332
898 1278
899 2678
899 1206
900 2061
900 2847
901 2840
901 2004
901 1964
902 2923
902 1774
902 2844
902 1824
902 2207
903 1036
903 1729
903 1684
904 2576
904 1136
904 1365
905 1387
905 1455
906 2921
906 2066
906 2835
907 1389
907 2800
907 1807
908 1543
908 1675
908 2934
909 2515
909 2049
910 1806
910 2195
910 2448
910 2502
910 2809
911 1470
911 915
911 1880
911 2583
912 1784
912 1764
913 2992
914 2133
914 2147
914 2997
914 2171
915 2618
915 1494
916 1912
916 1573
916 1700
917 2694
917 1767
917 2471
918 1086
918 2430
918 2489
918 1548
919 1054
919 1262
919 1322
919 1906
919 2020
920 2060
920 1826
920 1948
920 1315
921 2815
921 2101
921 2785
922 2175
922 2870
922 2039
923 2033
923 1787
923 1620
923 1646
923 1770
924 1587
924 2404
924 2928
924 1402
924 2814
925 2073
925 1851
926 2575
926 1788
926 1902
926 1324
927 1044
927 1360
928 1716
928 1164
928 1730
929 2417
930 1780
930 956
930 1512
931 2355
931 1853
931 2793
931 2086
932 1839
932 1333
932 2789
932 1704
933 1678
933 2269
933 1759
934 996
934 2844
935 2570
935 2929
935 1309
936 2071
936 2026
936 1922
937 1928
937 2876
937 1096
938 1843
938 1033
938 1479
938 2526
939 2449
939 1083
939 1838
939 943
940 2393
940 1964
940 1825
941 1239
941 2367
942 2696
943 1850
943 2026
944 2649
944 1328
944 1627
944 1068
945 1549
945 1557
945 2911
945 1831
945 2656
946 2660
946 1273
947 1262
947 1381
947 2468
948 2819
948 2913
949 1545
949 2174
949 1514
950 1095
950 2562
951 2061
951 1387
951 1451
951 2559
951 2212
952 2854
952 1068
952 1957
953 2070
953 2076
953 2982
954 1540
954 2060
954 1049
954 1272
954 1724
954 1686
955 1507
955 1222
955 2903
956 2056
956 1859
957 2188
957 1133
958 1418
958 1456
959 1999
959 1575
960 1471
960 1206
960 1579
960 993
960 1499
960 1721
960 1507
961 2259
962 2742
962 1723
963 2934
963 2200
963 1979
963 1046
964 1476
964 2034
964 1357
965 1282
965 2183
965 1106
966 2675
966 2974
967 1037
967 2654
968 2088
968 2932
968 2042
969 2597
969 1023
969 2181
969 1548
970 1793
970 1832
971 2053
971 2745
971 1234
971 1738
971 2985
972 1256
972 2116
972 1470
973 1408
973 2696
974 1600
974 1688
974 1137
974 2309
975 1794
975 2981
975 1462
975 2999
976 1981
976 2309
976 2039
977 2148
977 1687
977 2011
978 1017
978 2293
979 2875
979 1593
979 2615
979 2462
979 2556
980 1290
980 1786
980 1395
980 1249
980 1827
981 2956
981 2977
982 1723
982 2309
983 1776
983 2065
984 2323
985 987
985 1953
985 1613
985 1224
985 2975
985 1763
985 2440
985 2722
986 2749
986 2076
986 2975
987 2382
987 1138
987 1109
988 2068
988 1676
989 1044
989 2069
989 1385
990 2087
990 2955
990 1544
990 2421
990 2653
991 1591
991 2198
991 1708
991 2011
992 1797
992 1176
992 1848
993 1949
993 2188
994 2064
994 1627
994 1273
994 1916
995 1099
995 1019
996 2701
996 996
996 1946
996 1351
996 2950
996 1303
996 2194
996 1480
996 1363
996 1597
997 997
997 2397
998 2449
998 998
999 2603
999 2143
999 1171
1000 1509
1000 2426
1000 2420
1001 2516
1002 2708
1002 2731
1002 1522
1003 1554
1003 2069
1003 2780
1004 1372
1004 1217
1004 1894
1004 1400
1004 1782
1004 1056
1004 2751
1005 1992
1005 2914
1005 2106
1006 1705
1006 2985
1006 2654
1006 1408
1006 2561
1006 1918
1007 2110
1007 2636
1008 2922
1008 2680
1008 2211
1009 2610
1009 1223
1009 2295
1010 1441
1010 1727
1010 1981
1010 2482
1011 1765
1011 1155
1012 1774
1012 1457
1012 1679
1013 1389
1013 1912
1014 2817
1014 2341
1014 1397
1014 1079
1015 2305
1015 1181
1016 1587
1016 1459
1016 1042
1017 1073
1017 2593
1017 2805
1018 2794
1018 2443
1018 2966
1019 2911
1019 2878
1019 2905
1019 1215
1019 2820
1020 1027
1020 2139
1020 2810
1020 1796
1020 2900
1021 1687
1021 2619
1021 1279
1021 2250
1022 2783
1022 2488
1022 1174
1022 1030
1022 1223
1022 1615
1022 2346
1022 2599
1022 1461
1022 2619
1022 2406
1023 1487
1023 2816
1023 1815
1023 2904
1024 1057
1024 1388
1024 1202
1024 1843
1024 2489
1025 2600
1026 1498
1026 1079
1027 1502
1027 2447
1027 2419
1027 2281
1027 2815
1027 1325
1027 2973
1028 2648
1028 1260
1028 1905
1028 1465
1028 1925
1029 1601
1029 2369
1029 2248
1029 1265
1030 1986
1030 1533
1030 1705
1030 1604
1030 2759
1031 2968
1031 1042
1031 2134
1031 1800
1031 2828
1031 2037
1032 1035
1032 2341
1032 2650
1032 1168
1033 1941
1033 1660
1033 1862
1034 2092
1034 2578
1034 1134
1034 1787
1034 2550
1035 2941
1035 2110
1035 1369
1035 1522
1036 1656
1036 1085
1036 1843
1036 1546
1036 2646
1036 1140
1036 1433
1036 2541
1037 1074
1037 1856
1037 1973
1037 2291
1037 1437
1037 1083
1037 1112
1037 2828
1038 2836
1038 1411
1038 2279
1038 1788
1039 1084
1039 1417
1039 2612
1039 1640
1039 2062
1040 2059
1040 1245
1040 2645
1041 1512
1041 1666
1041 1381
1041 2095
1041 2486
1041 1060
1041 2400
1042 1298
1042 2757
1042 2910
1043 2073
1043 2983
1043 2657
1044 2567
1044 1944
1044 2285
1044 1472
1044 2772
1045 2355
1045 2616
1045 2854
1045 1052
1046 2875
1046 2314
1046 2189
1046 2645
1047 1093
1047 1940
1047 2168
1047 1557
1047 2885
1047 2411
1047 1676
1048 2136
1048 1615
1048 2204
1049 2306
1049 1292
1050 2413
1050 2331
1050 1939
1050 2641
1051 1963
1051 2431
1051 1699
1051 2743
1051 2449
1051 2473
1052 2407
1052 2616
1052 2926
1052 2318
1053 1320
1053 2596
1053 2181
1053 2603
1054 1578
1055 2989
1055 1741
1055 1505
1056 2049
1056 2258
1056 2317
1057 2158
1057 2483
1057 1433
1057 2489
1058 1575
1058 1744
1059 1180
1059 2836
1059 1656
1059 2815
1059 1324
1059 1912
1059 2467
1059 2115
1060 1604
1060 1577
1060 1872
1060 1682
1060 1174
1060 1396
1060 2329
1061 2075
1061 2064
1061 2936
1061 1185
1062 2763
1062 1383
1062 1814
1062 2808
1062 1369
1063 2056
1063 1795
1063 1332
1064 2622
1064 1149
1065 2851
1066 1565
1066 2635
1066 2578
1067 1164
1068 1445
1069 1889
1069 1795
1069 1325
1069 1585
1070 1078
1070 1703
1070 2788
1070 1591
1070 2204
1071 2216
1071 2445
1071 2759
1071 2086
1072 2419
1072 1886
1072 1444
1073 2827
1073 2448
1073 1349
1074 1516
1074 1691
1074 2257
1074 1611
1074 2321
1075 2837
1075 1182
1075 1311
1075 1553
1076 2304
1076 2247
1076 2413
1076 1451
1077 2504
1077 1673
1078 1514
1078 2281
1078 1132
1078 1519
1078 1590
1078 1481
1079 1662
1079 2081
1079 2800
1080 2394
1080 2073
1080 1199
1081 2289
1081 2064
1082 2595
1082 1664
1082 1510
1082 2556
1082 1300
1083 1929
1083 1426
1083 2291
1084 2815
1084 1118
1085 2661
1085 1843
1085 1844
1085 2610
1085 2735
1085 2541
1086 1289
1086 2112
1086 1909
1086 2976
1086 1359
1086 2120
1086 2661
1087 2073
1087 2864
1088 1563
1089 2731
1089 2202
1089 2261
1089 2297
1090 2688
1090 1511
1090 2383
1091 2706
1091 2241
1091 2614
1091 2370
1091 2218
1092 1371
1092 2360
1092 1713
1093 1145
1093 2251
1093 1998
1094 1196
1094 2202
1095 2027
1095 2217
1095 2981
1096 1836
1096 1168
1096 2794
1097 1567
1097 2185
1099 1603
1099 2878
1099 1897
1099 1474
1100 2346
1100 2419
1100 2537
1101 2568
1102 2384
1102 1987
1103 1511
1103 1900
1103 2587
1103 1889
1103 2743
1104 2197
1104 2862
1104 2578
1104 1195
1105 2637
1105 2508
1105 2217
1105 1239
1106 1266
1106 2846
1106 2866
1106 1748
1106 2919
1106 1500
1106 1877
1106 2323
1107 2625
1107 2761
1107 2460
1107 2643
1108 2141
1108 2664
1108 1290
1108 2840
1108 2546
1109 2070
1109 1570
1109 1601
1109 2880
1109 2506
1109 2667
1110 2204
1110 2019
1110 1758
1111 1741
1111 2320
1111 2399
1111 2073
1111 1300
1112 1388
1112 1169
1113 1467
1113 2155
1114 2810
1114 2837
1114 2091
1115 1857
1115 1942
1116 2054
1116 1946
1116 1696
1116 2874
1116 1383
1116 1256
1117 2368
1117 1337
1117 2220
1117 1894
1117 2053
1117 2122
1117 1216
1117 1123
1117 2730
1118 2853
1119 2088
1119 1593
1119 1128
1119 2732
1119 1811
1119 1897
1120 2682
1120 2039
1121 2608
1121 1962
1121 1945
1121 1645
1122 1579
1122 2120
1123 1387
1123 1749
1123 1653
1124 1994
1124 2770
1124 1922
1124 1864
1124 2418
1125 1536
1125 1178
1125 2506
1125 2848
1126 2641
1126 2753
1127 1595
1127 2887
1127 2046
1127 2952
1127 1967
1127 1486
1127 2180
1128 2623
1128 2060
1128 1920
1129 1563
1129 2988
1129 1545
1129 1195
1129 2830
1130 1888
1130 1436
1130 1456
1131 1346
1131 1976
1131 1317
1132 1586
1132 2681
1133 2571
1133 1551
1133 1625
1133 1682
1133 1533
1134 2142
1134 2670
1135 2741
1135 1599
1136 1665
1136 2703
1137 1827
1137 2219
1137 2898
1137 2992
1137 2675
1138 2010
1138 2709
1138 2333
1138 2107
1138 2810
1138 2101
1138 1328
1138 1460
1139 2563
1139 2090
1139 1431
1140 2305
1140 2845
1140 2576
1140 2814
1140 1658
1141 1750
1141 1590
1141 2198
1141 2739
1142 1870
1142 2114
1143 1837
1143 2875
1143 1447
1144 1144
1145 1384
1145 2271
1145 1777
1146 2114
1146 2526
1147 1502
1147 2652
1147 2858
1147 1342
1147 1648
1148 2851
1148 1714
1148 1672
1148 1380
1148 2157
1148 2491
1148 1156
1148 1722
1148 1713
1148 1920
1149 1825
1149 1393
1150 1536
1150 1610
1150 2667
1150 1663
1150 1987
1150 1315
1150 1527
1150 1599
1151 1630
1151 2146
1151 1540
1151 2995
1152 1633
1152 2706
1152 1479
1153 1760
1153 2998
1153 2714
1153 2738
1154 2556
1154 2175
1154 2374
1155 1594
1155 2790
1156 2877
1156 1159
1156 1789
1156 1367
1157 2637
1157 2526
1158 2673
1158 1711
1158 2267
1159 1758
1160 2020
1160 2637
1161 2805
1161 2756
1161 2012
1161 2064
1161 1293
1162 1933
1162 1677
1162 2773
1162 2299
1162 1203
1163 2696
1163 1670
1163 2276
1163 2802
1163 1465
1165 2415
1165 1686
1165 2863
1165 2496
1166 2725
1166 2378
1166 2207
1167 1602
1167 2060
1167 2389
1167 2252
1168 1650
1168 2852
1168 2398
1168 2694
1168 1927
1168 1783
1169 1447
1169 2484
1169 1938
1170 1593
1170 1623
1171 1596
1171 2660
1171 2300
1172 1737
1172 1172
1173 1556
1173 2760
1173 2581
1173 1318
1173 1715
1174 1343
1174 1511
1174 1327
1175 2678
1175 1735
1175 2233
1175 1696
1176 1854
1176 1338
1176 1775
1176 1373
1177 2560
1177 1732
1177 1281
1178 2815
1178 2076
1178 1181
1178 2755
1179 2624
1179 2616
1179 2794
1179 1917
1180 1780
1180 1694
1180 1204
1181 1566
1181 1289
1181 2880
1181 2903
1181 2821
1182 1521
1182 2884
1183 1728
1183 2268
1183 1716
1183 1461
1184 1517
1184 1186
1184 2510
1184 1702
1184 1974
1185 1727
1185 1974
1186 2719
1186 2005
1186 1882
1186 1226
1187 2587
1187 2606
1187 2449
1187 1712
1187 2726
1188 2866
1188 1457
1188 1799
1189 2289
1189 1933
1190 2483
1190 1626
1190 1453
1190 2235
1191 1791
1191 2443
1191 1717
1191 1760
1191 1844
1192 2832
1192 2718
1193 2419
1193 1276
1193 2605
1194 2388
1194 1824
1194 1558
1195 2532
1195 1272
1195 1286
1196 2832
1197 2053
1197 1672
1197 1213
1197 2999
1198 1995
1198 1373
1199 2812
1199 2840
1200 1652
1200 2795
1200 1406
1201 2113
1201 2450
1201 2230
1201 1835
1202 2120
1202 2013
1203 2150
1203 2189
1203 2531
1204 1594
1204 2653
1204 2909
1205 2151
1205 1329
1206 1357
1206 1499
1206 1387
1206 2414
1206 2384
1206 2385
1206 2136
1206 2663
1206 2479
1207 1668
1207 2338
1207 2135
1207 1398
1208 2361
1208 1208
1209 2390
1209 2963
1209 2745
1209 1960
1210 1903
1210 2908
1210 1998
1211 2038
1211 2849
1211 1535
1212 2861
1212 2655
1212 1251
1213 2649
1213 2047
1213 2410
1213 2698
1213 2841
1213 1452
1214 1431
1214 2904
1215 2835
1215 1932
1215 1783
1216 2813
1216 1801
1217 2053
1217 2129
1217 2912
1218 1700
1218 2141
1219 2858
1219 1969
1220 1680
1220 1274
1220 2019
1221 1757
1221 1677
1221 2886
1222 2671
1222 2326
1222 2004
1222 2351
1223 1565
1223 1312
1224 1351
1224 1344
1225 2270
1225 1600
1225 1638
1225 2713
1225 2300
1226 2731
1226 2969
1227 1560
1227 2144
1227 1689
1227 2554
1228 2346
1228 2058
1228 2495
1228 2157
1229 2436
1229 1394
1229 2058
1230 2165
1230 2748
1230 1792
1230 1872
1230 2179
1230 2291
1231 2315
1231 1546
1231 2576
1231 2285
1232 2143
1232 2603
1232 2798
1233 2568
1233 1397
1233 1409
1234 2032
1234 2169
1234 2424
1234 1474
1235 1744
1235 2421
1235 2873
1236 2562
1236 1342
1236 1733
1236 2372
1236 2237
1236 1767
1236 1761
1237 1731
1237 1732
1237 2040
1237 1314
1238 1835
1240 2599
1240 2367
1240 1314
1241 2197
1241 2044
1242 1744
1242 1383
1242 2663
1243 2053
1243 2927
1243 2822
1244 2752
1244 2025
1244 1523
1245 2665
1245 1549
1245 1937
1246 1506
1246 2626
1246 2684
1246 2817
1247 2172
1247 1282
1247 2832
1248 2408
1248 2552
1248 1938
1248 1464
1248 1452
1249 1333
1249 1431
1250 2860
1250 2604
1250 2739
1250 1777
1250 1907
1251 2993
1252 1591
1252 2916
1253 1777
1253 2298
1253 1960
1254 2803
1254 2458
1254 2685
1255 2280
1255 2839
1255 2808
1256 2483
1256 1955
1256 2754
1256 2020
1256 2647
1256 2663
1256 1692
1256 2383
1256 2550
1257 2841
1257 2789
1258 2808
1259 1305
1259 1277
1259 2811
1259 1513
1259 2584
1259 1879
1260 1273
1260 2231
1260 1446
1260 1668
1260 1607
1260 1479
1261 1434
1261 1307
1261 1805
1261 2676
1261 2292
1262 2869
1263 1581
1264 2513
1265 2145
1266 2216
1266 1734
1266 2812
1266 2507
1266 1767
1267 2160
1268 2473
1268 1396
1269 2547
1269 1703
1269 1621
1270 1284
1271 1541
1271 2582
1271 1543
1272 2424
1272 2587
1272 1934
1273 1988
1273 1493
1273 2501
1273 2174
1273 1726
1273 1779
1273 1976
1273 2079
1273 1396
1273 1809
1274 1687
1274 1824
1275 1759
1275 2764
1275 1716
1275 2632
1275 1522
1276 2242
1276 2799
1276 2286
1276 1845
1276 1498
1277 2566
1277 2774
1277 2162
1278 1305
1278 1281
1279 2135
1279 2249
1280 1756
1280 2305
1280 1485
1280 1433
1281 2121
1281 2274
1281 2079
1281 1336
1281 1422
1281 2861
1282 2257
1282 2358
1283 1682
1283 2404
1283 2906
1284 1754
1285 1445
1285 1366
1286 1592
1286 2263
1286 1601
1286 1362
1286 1416
1287 1643
1287 1309
1288 2236
1288 1947
1289 2069
1290 1799
1290 1445
1290 1356
1290 2214
1291 1473
1291 2181
1291 2947
1292 2059
1292 2207
1292 1899
1292 2428
1293 2361
1293 2200
1294 2412
1294 2755
1294 2363
1294 2884
1295 1701
1295 2937
1295 2679
1296 1688
1296 2020
1297 2425
1297 1685
1297 2424
1298 2561
1298 2106
1298 1442
1298 1516
1299 2275
1299 2873
1301 2154
1301 2652
1301 2467
1302 1773
1302 2510
1302 1328
1302 2840
1303 1357
1303 2781
1303 2083
1304 2410
1304 1400
1304 1932
1305 2185
1305 1379
1306 2226
1306 2909
1306 2557
1307 2715
1307 2218
1308 2894
1308 2764
1309 2651
1310 2615
1310 2806
1311 2762
1313 2318
1313 2037
1314 1499
1314 1853
1315 2918
1316 1591
1316 2028
1316 1481
1316 1835
1317 2726
1317 1879
1318 2656
1318 2784
1318 2863
1319 2849
1319 1815
1319 2804
1319 2927
1319 1733
1319 2189
1321 1782
1321 1380
1321 2424
1321 2750
1322 2822
1322 1921
1323 2815
1323 2699
1323 2376
1324 2709
1324 2815
1324 2382
1324 2746
1325 2636
1325 2157
1325 2614
1326 2364
1326 1943
1327 1702
1327 2271
1328 2963
1328 2957
1328 1926
1328 2327
1328 1334
1329 2370
1330 2011
1330 2342
1330 2237
1331 1925
1331 1932
1331 2054
1332 2340
1332 1489
1332 2826
1332 2566
1332 2808
1332 2996
1332 2285
1333 2280
1333 2666
1333 1522
1334 2806
1334 1540
1334 1864
1335 1739
1335 2715
1335 1513
1335 2569
1336 1503
1336 2584
1337 2220
1337 2959
1337 1672
1338 2824
1338 2858
1339 2095
1339 2055
1340 2072
1340 1657
1340 2420
1340 2182
1341 2198
1341 2441
1342 2815
1342 1846
1342 2533
1342 1562
1343 2123
1344 1616
1344 1807
1344 1443
1345 1766
1345 1408
1346 2725
1348 2828
1349 2275
1349 1681
1349 2175
1349 2904
1350 2268
1350 1414
1351 2959
1351 1422
1352 1815
1352 1475
1352 2668
1353 2982
1353 2399
1353 2685
1354 2225
1354 2624
1355 2585
1355 2544
1355 1569
1356 2466
1356 2507
1356 1430
1357 2119
1357 2098
1357 2994
1358 2519
1358 2805
1358 2966
1358 1433
1358 2986
1358 1886
1358 1636
1359 2076
1359 1944
1359 1371
1360 2741
1360 1734
1360 2326
1361 2326
1361 2890
1361 1498
1361 1724
1362 1588
1362 1868
1363 1620
1363 2206
1364 2284
1364 2927
1364 2710
1364 1681
1365 1447
1365 2491
1366 2744
1366 1611
1366 2985
1366 1500
1367 2147
1368 2227
1368 1773
1368 1474
1369 1871
1369 2598
1369 2134
1370 1587
1370 2213
1372 1919
1373 2468
1373 1821
1373 2503
1374 2690
1374 2165
1375 2960
1375 1529
1375 2620
1376 2150
1376 2893
1377 1436
1377 2208
1377 1876
1378 1554
1378 1705
1378 2328
1378 2952
1379 2831
1379 2476
1379 1734
1379 1524
1380 2004
1380 1733
1381 2195
1381 2005
1381 2035
1382 2278
1382 1882
1384 2258
1385 2206
1385 1802
1385 2025
1386 2345
1387 2061
1387 2559
1387 2904
1388 2648
1389 1768
1390 1695
1390 2699
1390 2532
1391 2630
1391 1700
1391 2595
1392 2434
1393 2090
1393 2161
1393 1573
1395 1632
1395 2294
1395 2211
1395 2883
1396 1551
1396 2168
1396 2346
1396 1667
1396 1407
1397 2440
1397 1471
1397 2193
1397 2642
1397 1943
1398 2295
1398 1623
1398 2252
1399 2139
1399 1837
1399 2980
1399 2269
1400 2328
1400 2332
1400 2984
1400 1452
1400 1524
1401 2758
1401 1517
1401 1994
1401 1401
1402 2922
1402 2641
1402 2831
1402 1991
1402 1957
1402 1433
1403 2052
1403 2763
1403 1785
1403 2552
1403 2429
1404 2022
1404 2171
1404 1825
1406 2638
1406 2926
1407 2779
1408 2077
1408 2865
1408 2879
1409 2530
1409 1491
1410 2189
1410 2997
1410 2560
1411 2139
1411 2798
1411 2076
1411 1483
1411 2942
1412 2818
1412 2014
1412 2185
1412 2823
1412 2042
1413 1428
1414 2597
1414 1866
1415 1901
1415 1503
1416 2207
1416 2391
1416 2295
1417 2562
1417 2994
1417 2535
1417 1467
1418 2098
1418 2385
1418 1965
1419 2874
1420 1893
1420 2930
1420 1792
1421 2604
1421 2274
1421 1891
1422 1779
1422 2509
1423 2296
1423 2301
1423 2451
1423 1620
1423 2955
1424 2197
1424 2391
1426 2654
1427 1557
1428 2112
1428 2809
1428 2427
1429 2871
1429 1939
1430 2214
1430 2356
1430 2267
1431 2940
1431 2009
1432 2939
1432 2596
1433 2646
1433 2285
1433 2639
1433 2526
1435 2873
1436 1618
1436 2658
1437 2322
1437 1800
1437 2843
1438 2090
1439 1658
1439 1495
1439 2516
1440 2792
1441 2310
1442 2007
1442 2990
1442 2293
1442 2937
1442 1899
1443 2555
1443 2770
1444 2032
1445 2263
1445 1651
1446 2581
1446 2094
1446 2608
1447 2664
1448 2564
1448 1553
1448 2118
1449 2931
1449 2178
1450 2423
1450 2585
1451 2585
1451 1562
1452 1782
1452 1756
1452 2981
1452 1801
1452 2305
1452 2659
1452 1589
1453 2960
1453 2854
1454 2306
1455 1553
1455 2642
1455 1516
1456 2340
1456 2440
1456 1573
1457 2396
1457 2463
1458 2578
1458 1529
1458 2155
1458 1506
1459 1885
1459 2847
1460 1460
1460 1963
1460 1971
1460 2527
1461 1712
1461 2334
1461 2776
1461 1893
1461 2514
1461 2526
1461 1558
1462 2312
1463 1752
1463 1910
1464 2451
1465 1529
1465 2329
1465 1684
1465 2031
1466 2544
1466 1942
1467 1471
1467 1861
1467 2363
1467 2862
1468 2288
1468 2931
1469 2139
1469 1850
1469 1887
1469 2164
1470 1649
1470 2390
1470 2077
1470 2678
1471 2638
1471 2119
1471 2634
1472 2654
1472 1847
1473 2753
1473 1917
1473 1576
1473 2013
1475 1737
1475 2237
1476 2115
1477 1559
1478 2818
1478 2171
1479 1646
1479 2303
1480 2544
1480 1584
1480 1697
1481 2815
1482 2837
1482 2447
1482 1768
1482 1677
1483 2269
1483 2500
1484 2942
1484 2669
1484 1892
1485 2367
1485 1513
1486 1842
1487 2954
1488 1812
1488 2716
1488 1495
1489 2690
1489 2429
1490 1708
1490 2011
1491 2478
1492 2789
1494 2984
1494 2963
1494 2221
1494 2995
1495 1554
1495 1874
1495 2952
1495 2997
1495 1520
1496 2089
1496 2495
1497 2751
1497 2312
1497 2447
1498 2294
1498 1608
1498 1658
1499 2600
1499 2602
1499 2232
1500 2551
1500 2788
1501 2695
1501 2203
1502 2611
1502 2087
1503 2127
1503 2593
1504 2431
1504 2125
1504 1704
1504 1897
1505 2320
1505 2362
1506 2945
1506 1904
1507 2949
1508 1689
1508 1912
1509 2755
1509 2152
1510 1858
1510 1522
1511 2098
1511 2749
1511 1625
1511 2369
1512 1594
1512 2759
1512 1780
1513 2884
1513 2632
1514 2091
1514 2089
1514 2068
1514 1658
1515 2088
1515 2137
1515 2220
1515 2712
1516 2700
1517 2659
1518 2069
1518 1899
1519 2484
1519 2523
1520 2395
1520 2604
1521 1550
1521 1524
1522 1767
1522 2908
1522 1831
1522 2376
1522 1614
1523 2021
1525 1777
1525 2345
1526 2949
1526 1574
1527 2470
1527 2081
1527 1725
1528 2567
1528 1570
1528 2313
1529 2135
1530 2253
1530 2381
1531 1864
1532 2872
1532 2011
1532 2930
1533 2705
1533 2094
1534 2483
1535 1718
1536 2073
1536 1536
1537 2693
1537 2103
1537 1789
1538 1968
1539 1565
1539 1607
1539 1911
1539 1765
1539 2861
1540 1592
1540 2255
1540 2269
1540 2418
1541 2390
1541 1953
1541 1929
1542 2310
1542 2155
1542 2252
1542 2607
1542 2207
1542 2728
1542 2478
1543 2369
1543 2187
1544 2034
1544 2839
1545 2797
1545 2591
1545 1976
1545 2716
1546 2587
1546 2012
1547 1963
1547 2643
1547 2732
1547 2470
1547 2178
1548 2630
1548 2675
1548 1690
1549 1631
1549 2095
1549 2875
1549 2478
1550 1597
1550 2729
1551 2787
1551 1565
1551 2749
1552 2204
1552 2011
1553 1791
1554 2206
1554 2349
1554 2887
1554 2072
1554 2360
1554 2533
1554 1601
1555 2064
1556 2008
1556 2074
1557 2885
1557 2536
1558 1765
1558 2508
1559 2644
1560 1949
1560 2586
1560 2253
1560 1692
1561 2585
1561 1936
1561 1946
1561 2471
1561 1934
1562 2923
1562 1803
1562 1846
1563 1983
1564 1863
1564 1650
1564 1695
1566 2983
1566 2599
1566 2952
1567 2900
1567 2357
1568 1650
1568 1591
1569 1580
1569 2204
1570 2076
1570 1851
1570 2460
1570 2084
1570 1967
1570 2284
1571 1695
1571 1992
1572 1763
1573 2710
1574 2736
1574 2671
1574 1935
1574 1731
1574 1826
1575 2085
1575 1983
1575 1854
1575 2204
1575 2011
1576 2386
1576 2692
1577 2057
1577 2835
1578 2614
1579 2522
1579 1878
1580 1591
1580 2298
1580 2801
1580 2480
1581 2146
1582 2807
1582 2060
1582 1677
1583 1768
1583 2177
1584 1669
1584 1640
1585 2081
1585 2988
1585 2254
1585 2850
1585 1687
1586 2988
1586 1985
1587 2303
1587 2630
1588 1799
1588 2601
1588 2892
1588 2392
1589 2331
1589 2505
1590 2999
1590 2204
1591 1823
1591 2103
1591 2210
1591 2486
1591 2170
1591 2739
1592 2850
1593 2049
1593 2099
1594 2635
1594 1858
1595 2767
1595 1595
1595 2286
1595 2030
1596 2308
1597 2640
1598 2090
1598 2370
1599 2470
1599 1816
1599 2653
1599 2370
1600 1934
1601 2567
1601 2136
1601 2817
1601 2721
1602 1756
1602 2569
1602 2728
1602 2332
1602 2207
1603 2251
1603 1867
1605 2599
1605 2705
1605 2784
1605 2344
1606 2809
1607 2051
1608 1779
1609 2441
1609 2205
1610 2383
1610 2036
1611 2920
1611 2293
1611 1800
1611 2948
1611 2473
1612 1776
1612 1632
1612 2159
1612 1784
1612 2189
1613 2871
1613 1741
1615 2141
1615 2446
1615 1629
1615 2492
1615 2833
1617 2752
1617 1826
1617 1642
1619 2657
1620 2125
1620 1862
1620 1808
1620 2902
1620 2267
1620 1875
1621 1635
1621 1760
1622 2757
1622 1704
1622 1710
1622 1969
1623 2516
1624 2196
1624 1897
1624 2039
1624 2911
1625 2096
1625 2245
1625 2199
1625 2334
1626 2553
1626 2960
1626 1683
1626 2462
1627 2162
1628 2651
1628 2926
1628 2695
1629 2141
1629 2759
1630 2135
1630 2254
1630 2007
1630 2733
1631 2888
1631 2644
1632 2132
1632 2067
1632 2526
1633 2177
1633 2409
1634 2469
1635 2141
1635 2688
1635 2245
1636 2138
1636 2189
1636 1947
1637 1882
1637 2532
1637 2608
1638 1884
1638 1881
1639 1918
1640 2068
1640 1812
1640 2904
1640 2140
1641 1869
1641 1835
1641 1787
1642 1865
1643 2647
1643 2680
1643 2043
1643 2201
1644 2115
1644 1650
1644 1661
1644 2019
1645 2542
1645 2833
1645 2343
1645 2761
1645 2031
1646 2130
1646 1791
1647 2598
1647 2701
1647 1895
1647 2975
1649 2123
1649 2033
1649 1983
1650 2742
1650 1966
1650 1823
1650 2111
1650 2758
1651 2448
1652 2311
1652 2463
1653 1743
1653 2440
1654 2967
1654 1662
1654 1846
1655 2387
1655 2371
1655 2232
1656 2952
1656 2120
1657 2580
1657 2626
1657 1739
1659 1885
1659 1697
1660 2114
1660 2935
1661 2010
1661 2815
1661 1953
1662 2837
1662 2517
1662 2612
1663 2979
1663 2761
1663 2431
1664 2731
1665 2707
1665 2065
1665 2225
1665 2161
1665 2496
1666 2797
1667 2188
1667 2600
1668 2082
1668 2000
1669 2240
1669 2916
1669 1681
1670 2825
1670 2464
1671 1671
1671 2952
1672 1855
1673 1949
1673 2436
1674 2674
1674 2179
1674 1816
1674 2609
1674 1873
1675 2104
1675 2627
1675 2765
1676 2722
1676 2225
1677 2893
1677 2933
1678 1903
1678 1881
1679 2848
1679 1831
1679 2841
1679 1858
1680 2198
1681 2849
1681 2219
1682 2897
1683 1736
1683 2727
1683 2357
1684 2171
1685 2138
1685 1686
1685 1717
1686 2896
1686 2633
1686 2475
1687 2198
1687 2872
1687 2161
1688 2168
1688 2391
1688 2155
1688 1743
1689 2062
1689 2530
1690 2423
1690 2955
1691 1786
1692 2580
1692 1841
1692 2746
1692 2482
1692 2496
1693 2524
1693 2287
1693 2886
1694 2008
1695 2109
1696 2479
1697 2025
1697 2423
1698 1783
1699 2631
1699 2181
1700 2771
1700 2099
1702 2943
1702 1760
1702 2755
1702 2003
1703 2164
1704 2743
1704 2149
1704 1770
1705 1914
1705 2952
1706 2264
1706 1927
1706 2284
1706 2852
1707 2949
1707 2977
1707 2228
1709 2171
1709 2502
1709 2034
1709 1787
1709 1840
1710 2583
1710 2204
1710 2021
1711 2163
1711 2779
1712 2201
1712 2717
1712 1831
1713 2318
1714 2295
1714 1761
1715 2103
1715 1800
1716 2326
1717 2201
1718 2197
1719 2450
1720 1812
1720 2577
1721 2035
1721 1934
1721 1864
1722 2693
1722 2844
1723 2417
1723 2192
1724 2549
1725 2391
1726 2064
1726 1859
1726 1812
1727 2336
1728 2704
1728 2233
1728 2525
1729 2639
1729 2841
1730 2194
1730 2055
1730 2089
1730 2612
1730 2501
1731 2664
1732 2572
1732 2352
1732 1859
1733 2895
1734 2194
1735 2825
1736 2628
1736 1816
1737 2222
1738 2604
1738 2097
1739 2176
1739 1890
1739 2528
1740 2646
1740 2471
1740 1843
1741 2816
1741 2820
1742 2246
1742 2208
1742 1812
1743 2341
1744 2696
1744 2729
1745 2711
1745 2916
1746 2598
1746 1822
1746 2226
1746 1880
1747 2673
1747 2998
1747 2505
1748 2741
1748 2426
1748 2120
1749 2250
1749 2373
1750 2566
1750 2538
1751 1977
1753 2050
1753 2567
1755 2917
1755 2219
1755 2095
1756 1926
1757 1832
1758 2706
1759 2495
1760 1775
1760 2505
1761 2372
1761 2219
1761 2134
1761 2442
1762 2258
1762 2740
1762 2574
1763 1953
1763 2672
1764 2733
1764 2674
1765 1956
1765 1867
1765 2388
1765 1911
1765 2397
1766 2317
1766 2587
1766 2494
1766 2512
1767 2238
1767 1790
1768 2819
1769 2629
1769 2750
1769 2297
1771 2479
1771 2206
1772 2154
1772 2333
1772 2110
1772 2419
1772 1903
1772 1846
1772 1850
1772 1779
1773 2410
1773 1794
1773 2984
1774 2664
1774 2015
1775 1931
1775 1974
1776 2614
1777 2121
1778 2108
1778 2265
1778 2494
1779 2725
1780 2592
1781 2184
1781 2473
1782 2311
1783 2733
1783 2918
1784 2780
1785 2871
1785 2052
1786 2521
1786 1935
1786 2920
1787 1828
1787 2754
1787 2196
1788 2328
1790 2081
1790 2080
1793 2240
1793 1898
1795 1992
1796 2374
1796 2401
1796 2940
1796 1859
1797 1857
1797 2320
1797 2969
1798 2242
1798 2681
1798 2828
1799 2846
1799 2956
1800 2584
1800 2406
1800 1930
1800 2879
1802 2999
1802 2699
1803 2283
1804 2970
1804 2248
1805 2577
1805 2474
1806 2479
1806 2562
1806 2381
1807 2292
1807 2370
1809 2063
1810 2490
1811 2137
1812 2592
1812 2055
1812 2091
1815 2180
1816 2214
1817 2176
1817 2693
1817 2508
1818 2730
1818 2625
1819 2837
1819 2466
1819 2919
1820 2182
1820 1991
1820 2556
1821 1851
1821 2294
1822 2054
1822 2155
1824 1886
1824 2327
1825 2574
1826 1845
1826 2855
1826 2774
1826 2898
1827 2205
1827 2266
1828 2578
1828 2951
1828 2324
1828 2525
1829 2389
1831 2373
1832 1979
1832 2557
1832 2354
1832 2934
1833 2793
1834 2658
1834 2687
1834 2676
1836 2059
1836 1858
1836 1870
1836 2403
1837 2825
1837 2005
1838 2930
1839 2914
1840 2068
1840 2964
1840 2987
1841 2805
1842 2656
1842 2952
1842 2411
1843 2513
1843 2511
1844 2880
1844 2219
1844 2646
1844 2814
1845 2377
1845 2441
1846 2028
1846 2896
1846 1891
1847 2077
1847 2119
1848 2842
1848 2940
1848 2301
1848 2517
1849 2519
1850 2319
1852 2682
1853 2963
1853 2262
1853 2794
1854 2815
1854 2825
1855 2835
1856 2806
1856 2416
1857 2212
1857 2890
1858 2944
1858 2365
1859 2409
1860 2131
1861 2562
1861 2586
1862 2149
1862 2398
1863 2082
1863 1887
1864 1981
1864 2753
1864 2271
1865 2072
1866 2237
1867 2484
1867 2051
1867 1897
1867 2482
1868 2934
1868 2120
1869 2466
1869 2761
1870 2789
1871 2826
1871 2364
1871 2503
1872 2829
1872 2707
1873 2465
1873 2796
1873 1898
1877 2606
1878 2465
1880 2774
1880 2340
1880 2874
1880 1951
1881 2775
1881 2362
1882 2404
1883 2662
1884 2367
1884 2381
1887 2478
1887 2208
1888 2786
1888 2460
1889 2556
1891 2315
1892 2403
1893 2208
1893 2185
1894 1962
1896 2359
1896 2415
1897 2888
1897 2124
1897 2905
1897 2553
1897 2049
1897 2962
1897 1988
1897 1930
1897 2637
1897 2792
1898 2545
1899 2114
1900 2497
1901 2364
1902 2634
1902 2277
1903 2961
1903 2201
1904 2158
1905 2850
1905 2158
1906 2420
1908 2779
1908 2960
1909 2227
1909 2051
1910 2789
1910 2469
1912 2923
1912 1958
1913 2083
1913 2671
1914 2540
1914 2122
1915 2387
1919 2468
1920 2222
1921 2047
1921 2328
1921 2984
1921 2435
1922 2752
1922 2444
1923 2421
1923 2563
1924 2152
1924 2687
1925 2783
1925 2539
1926 2312
1926 2054
1926 2256
1926 2354
1927 2910
1928 2356
1928 2731
1929 2429
1930 2806
1931 2139
1932 2750
1932 2378
1932 2356
1935 2363
1935 2347
1936 2590
1937 2671
1938 2125
1939 1961
1941 2523
1942 1982
1943 2700
1943 2974
1944 2600
1945 2932
1945 2702
1945 2926
1945 2987
1948 2060
1948 2258
1949 1980
1950 2943
1950 2471
1951 2051
1951 2347
1952 2568
1952 2290
1952 2538
1954 2943
1954 2570
1955 2383
1955 2958
1956 2749
1956 2990
1958 2101
1958 2467
1959 2961
1959 1963
1959 2959
1960 2869
1961 2598
1961 2316
1961 2251
1962 2249
1964 2791
1965 2587
1965 2486
1966 2767
1967 2504
1968 2986
1968 2754
1969 2165
1969 2409
1970 2911
1970 2946
1970 1990
1971 2751
1972 1982
1973 2888
1973 2150
1974 2753
1974 2505
1977 2591
1977 2120
1977 2489
1979 2210
1979 2336
1980 2272
1981 2824
1982 2438
1983 2742
1984 2011
1984 2398
1985 2924
1986 2571
1986 2155
1987 2754
1989 2238
1989 2802
1990 2075
1991 2656
1991 2556
1992 2051
1993 2412
1993 2736
1993 2167
1993 2907
1995 2100
1995 2241
1996 2590
1996 2096
1996 2478
1997 2492
1997 2040
1998 2956
1998 2543
1999 2384
2000 2878
2001 2580
2001 2721
2001 2366
2001 2952
2001 2710
2002 2403
2004 2892
2005 2969
2006 2564
2006 2277
2006 2899
2006 2471
2007 2196
2007 2828
2007 2974
2008 2104
2009 2341
2010 2654
2011 2204
2012 2499
2012 2085
2013 2661
2014 2198
2014 2014
2014 2475
2015 2239
2015 2159
2016 2695
2016 2203
2016 2932
2017 2394
2017 2523
2019 2551
2019 2522
2019 2229
2020 2687
2021 2403
2022 2593
2022 2689
2023 2243
2023 2537
2024 2781
2024 2416
2025 2046
2026 2934
2027 2522
2027 2521
2027 2144
2027 2778
2030 2253
2030 2821
2030 2077
2030 2627
2031 2793
2031 2135
2031 2229
2032 2227
2033 2759
2034 2957
2034 2063
2035 2601
2035 2961
2035 2169
2037 2561
2038 2127
2039 2738
2039 2824
2039 2273
2039 2524
2040 2685
2041 2114
2041 2541
2042 2765
2043 2199
2043 2520
2044 2053
2044 2156
2044 2450
2045 2472
2045 2697
2046 2611
2046 2228
2046 2403
2047 2305
2048 2217
2048 2578
2048 2637
2048 2680
2048 2603
2049 2380
2050 2349
2050 2072
2050 2592
2050 2069
2050 2076
2051 2911
2051 2563
2052 2434
2052 2134
2053 2745
2053 2981
2053 2564
2053 2584
2053 2822
2053 2999
2054 2316
2054 2763
2055 2591
2056 2429
2056 2545
2057 2488
2057 2165
2058 2602
2059 2628
2059 2391
2059 2143
2059 2146
2060 2283
2060 2254
2060 2167
2061 2521
2062 2939
2062 2594
2064 2771
2065 2178
2065 2157
2067 2120
2068 2617
2068 2068
2068 2725
2068 2501
2069 2349
2069 2511
2070 2626
2070 2744
2071 2954
2071 2648
2071 2255
2071 2478
2072 2767
2073 2076
2074 2881
2074 2236
2074 2191
2075 2264
2075 2345
2075 2529
2075 2947
2076 2921
2076 2626
2077 2700
2078 2815
2079 2572
2079 2367
2080 2745
2080 2772
2082 2254
2082 2249
2084 2721
2084 2908
2085 2143
2087 2593
2088 2868
2088 2609
2088 2615
2088 2911
2089 2678
2090 2560
2090 2973
2091 2109
2092 2520
2093 2221
2093 2745
2093 2896
2094 2704
2095 2099
2095 2438
2096 2759
2097 2867
2097 2247
2097 2487
2098 2304
2098 2778
2098 2384
2098 2395
2098 2521
2100 2585
2100 2696
2100 2304
2100 2146
2101 2301
2101 2467
2101 2535
2102 2608
2104 2546
2104 2977
2105 2650
2106 2216
2107 2110
2107 2837
2107 2301
2107 2139
2107 2980
2107 2524
2108 2814
2109 2202
2109 2748
2109 2140
2110 2302
2110 2825
2111 2170
2112 2204
2113 2489
2114 2976
2114 2935
2114 2120
2117 2683
2117 2408
2118 2777
2119 2586
2119 2452
2120 2952
2120 2558
2120 2633
2120 2621
2120 2153
2120 2821
2120 2526
2121 2358
2121 2582
2123 2450
2124 2609
2124 2392
2125 2214
2126 2523
2126 2493
2126 2265
2126 2489
2127 2447
2127 2404
2127 2471
2128 2319
2128 2128
2129 2499
2129 2373
2130 2389
2130 2632
2130 2659
2130 2673
2131 2899
2131 2557
2132 2589
2132 2404
2132 2561
2134 2796
2134 2568
2135 2192
2135 2719
2139 2139
2139 2467
2140 2731
2142 2746
2142 2758
2143 2416
2144 2387
2144 2638
2144 2198
2145 2538
2145 2843
2146 2287
2146 2830
2147 2909
2147 2307
2148 2164
2148 2204
2149 2151
2149 2370
2150 2693
2151 2757
2152 2991
2153 2581
2153 2407
2155 2207
2156 2683
2160 2672
2161 2546
2165 2370
2166 2584
2168 2346
2169 2654
2172 2870
2172 2267
2174 2669
2174 2325
2175 2944
2175 2986
2176 2547
2177 2850
2177 2318
2177 2711
2177 2234
2180 2401
2180 2275
2180 2320
2181 2904
2182 2938
2183 2438
2184 2581
2186 2939
2186 2396
2186 2320
2187 2889
2187 2320
2187 2350
2187 2487
2190 2934
2190 2190
2191 2795
2192 2794
2194 2257
2195 2924
2195 2497
2196 2615
2197 2322
2200 2224
2200 2426
2200 2905
2200 2827
2201 2930
2202 2370
2205 2804
2205 2498
2207 2478
2207 2231
2207 2295
2207 2254
2207 2329
2210 2556
2215 2977
2216 2787
2217 2637
2218 2848
2221 2433
2221 2732
2221 2957
2223 2415
2224 2260
2224 2895
2225 2530
2225 2254
2228 2365
2229 2699
2229 2789
2230 2956
2230 2886
2230 2932
2232 2602
2232 2414
2232 2891
2232 2467
2233 2713
2234 2644
2238 2252
2239 2326
2239 2860
2241 2480
2241 2653
2241 2839
2243 2680
2244 2260
2245 2492
2246 2573
2246 2495
2249 2581
2251 2376
2252 2747
2253 2521
2255 2831
2255 2857
2255 2405
2255 2295
2257 2701
2257 2310
2257 2429
2258 2552
2258 2649
2258 2267
2259 2538
2259 2807
2259 2950
2260 2582
2260 2934
2261 2505
2262 2420
2263 2581
2265 2993
2266 2613
2266 2441
2266 2773
2266 2827
2268 2811
2268 2630
2268 2908
2269 2287
2269 2862
2271 2902
2272 2347
2272 2602
2273 2829
2274 2673
2274 2803
2275 2399
2278 2634
2279 2737
2281 2315
2282 2486
2282 2613
2282 2941
2283 2891
2283 2896
2288 2738
2288 2411
2289 2599
2290 2725
2291 2691
2291 2953
2291 2444
2292 2795
2293 2920
2293 2809
2294 2445
2294 2362
2295 2440
2296 2333
2296 2426
2299 2986
2299 2835
2301 2302
2303 2750
2304 2600
2304 2915
2304 2378
2305 2425
2305 2498
2305 2689
2306 2603
2306 2314
2307 2318
2307 2686
2312 2745
2312 2731
2312 2999
2313 2654
2313 2554
2313 2974
2316 2339
2317 2745
2318 2624
2319 2815
2319 2819
2320 2989
2320 2725
2321 2691
2321 2324
2323 2368
2325 2793
2325 2461
2327 2330
2327 2918
2328 2687
2329 2391
2330 2848
2331 2404
2331 2556
2332 2963
2333 2921
2334 2733
2335 2456
2337 2513
2338 2610
2338 2912
2339 2370
2342 2765
2347 2462
2348 2515
2348 2947
2348 2845
2350 2739
2350 2401
2351 2910
2353 2604
2354 2889
2354 2518
2354 2816
2356 2673
2356 2405
2357 2617
2358 2582
2359 2914
2360 2366
2361 2776
2362 2669
2362 2629
2364 2598
2365 2652
2366 2697
2367 2954
2368 2813
2370 2711
2371 2586
2371 2780
2372 2827
2372 2458
2374 2652
2374 2815
2375 2461
2375 2554
2376 2421
2377 2466
2378 2706
2380 2404
2381 2413
2382 2708
2383 2754
2385 2638
2386 2670
2388 2570
2389 2713
2393 2866
2394 2952
2394 2692
2396 2844
2396 2706
2397 2598
2399 2899
2399 2691
2399 2859
2400 2927
2402 2657
2403 2525
2404 2595
2404 2943
2405 2773
2407 2574
2409 2757
2412 2727
2412 2840
2414 2638
2416 2584
2416 2865
2417 2994
2417 2474
2419 2940
2422 2699
2422 2876
2425 2912
2428 2690
2428 2828
2430 2772
2430 2481
2431 2490
2432 2930
2433 2638
2434 2455
2436 2565
2437 2552
2437 2547
2438 2494
2438 2924
2439 2561
2439 2694
2440 2545
2441 2989
2441 2816
2442 2710
2442 2601
2443 2813
2444 2953
2444 2459
2446 2639
2446 2459
2446 2489
2448 2649
2448 2930
2449 2667
2450 2932
2452 2941
2452 2908
2453 2818
2454 2952
2454 2689
2456 2659
2457 2975
2458 2701
2459 2993
2459 2741
2459 2526
2460 2915
2460 2960
2462 2852
2463 2839
2465 2669
2466 2491
2468 2527
2470 2631
2471 2685
2471 2556
2475 2932
2477 2530
2478 2734
2480 2949
2480 2816
2483 2819
2485 2549
2487 2872
2488 2911
2489 2730
2489 2893
2491 2726
2492 2783
2493 2888
2493 2960
2493 2713
2494 2894
2497 2961
2498 2895
2499 2550
2500 2628
2501 2972
2503 2567
2503 2998
2504 2880
2505 2505
2507 2903
2508 2534
2509 2841
2509 2670
2510 2679
2511 2845
2512 2573
2512 2961
2512 2760
2513 2526
2515 2984
2516 2822
2518 2710
2519 2589
2519 2537
2521 2550
2522 2585
2522 2522
2523 2645
2523 2562
2524 2882
2527 2606
2529 2549
2529 2541
2529 2558
2531 2905
2533 2967
2535 2839
2538 2867
2538 2845
2539 2629
2540 2952
2542 2878
2547 2804
2548 2813
2548 2722
2548 2803
2550 2966
2550 2687
2550 2623
2552 2945
2553 2868
2553 2878
2553 2747
2553 2933
2555 2555
2556 2589
2556 2899
2559 2696
2560 2723
2561 2953
2563 2964
2565 2734
2565 2589
2565 2621
2566 2871
2570 2763
2570 2796
2575 2586
2576 2824
2577 2870
2578 2991
2579 2608
2580 2983
2581 2658
2585 2901
2585 2882
2588 2875
2588 2779
2589 2944
2589 2966
2594 2606
2594 2764
2595 2943
2595 2847
2595 2899
2598 2769
2601 2613
2602 2647
2607 2936
2609 2791
2612 2660
2613 2631
2623 2658
2625 2924
2625 2978
2626 2952
2627 2768
2629 2629
2631 2986
2632 2885
2632 2711
2633 2948
2634 2825
2635 2638
2638 2677
2638 2751
2639 2814
2641 2972
2643 2943
2647 2720
2647 2804
2647 2670
2649 2756
2649 2781
2651 2689
2652 2940
2652 2982
2653 2800
2655 2969
2657 2758
2658 2663
2658 2736
2664 2881
2667 2809
2668 2668
2668 2700
2669 2781
2672 2832
2673 2832
2673 2713
2674 2942
2676 2804
2681 2911
2685 2805
2685 2791
2685 2995
2686 2875
2691 2990
2699 2717
2706 2829
2707 2726
2708 2877
2709 2859
2712 2857
2715 2750
2719 2947
2721 2952
2721 2996
2722 2922
2723 2929
2724 2766
2724 2821
2724 2978
2727 2793
2732 2905
2734 2847
2735 2735
2736 2903
2737 2891
2737 2739
2738 2894
2742 2886
2743 2873
2743 2924
2748 2769
2756 2770
2757 2902
2758 2890
2761 2809
2766 2855
2767 2945
2773 2913
2773 2897
2774 2975
2778 2989
2782 2833
2784 2970
2785 2928
2785 2894
2792 2874
2799 2883
2802 2953
2803 2853
2803 2897
2805 2847
2812 2956
2819 2896
2822 2873
2828 2843
2828 2997
2829 2832
2837 2896
2839 2933
2842 2842
2843 2905
2846 2931
2847 2906
2850 2850
2861 2965
2865 2968
2875 2911
2877 2989
2890 2925
2895 2996
2911 2946
2915 2973
2929 2976
2936 2936
2958 2958
2978 2978
2979 2979
