0 2618
0 1030
0 2488
0 2759
1 282
1 846
1 2908
1 217
1 2201
1 171
1 2233
1 1522
2 752
2 882
2 2165
2 1925
3 1264
3 2296
3 2967
3 1654
3 2517
3 2460
4 1226
4 1981
4 1877
4 2890
5 2356
5 1646
5 298
5 202
5 1298
5 1807
6 944
6 2509
6 2822
6 1197
6 1217
7 2894
7 2712
7 172
7 2085
7 113
8 2477
8 851
8 723
8 897
8 1824
8 2445
8 1222
8 1972
8 2546
8 2840
8 1913
8 1935
8 2294
8 984
8 2947
8 2481
8 584
8 2766
8 2799
9 1499
9 2232
9 2683
9 550
10 1119
10 1624
10 1811
10 1992
11 1062
11 2409
11 212
11 2582
11 2662
11 1907
12 1239
12 1525
12 2097
13 1618
13 20
13 1810
13 1048
13 615
13 1834
14 1351
14 1961
14 30
14 2257
14 2932
15 219
15 1250
15 1883
15 1253
15 1777
16 2017
16 729
16 1122
16 479
16 1086
16 2661
16 1142
16 1740
17 238
17 2264
17 1011
17 2549
17 620
17 2174
17 1273
18 303
18 1021
18 1584
18 2204
18 1220
19 644
19 2901
19 2433
19 375
20 2578
20 611
20 1576
20 595
20 615
20 1955
21 2041
21 1036
21 1231
21 1085
21 2128
21 1146
21 2976
22 2570
22 64
22 365
23 234
23 1938
23 2959
24 1311
24 133
24 1501
24 1652
24 2769
24 1295
25 395
25 1177
25 277
25 2547
26 2568
26 2052
26 1953
26 565
26 1939
27 2469
27 73
27 2124
27 1190
28 2111
28 1644
28 2644
28 1669
28 2011
29 55
29 2639
29 522
29 1140
29 2265
30 280
30 2970
30 1332
30 821
31 471
31 2156
31 1133
31 573
31 105
31 690
31 1287
32 1545
32 2827
32 1236
32 2200
32 1480
32 198
33 2560
33 979
33 1453
33 73
33 2251
33 2911
33 1400
34 2971
34 1899
34 967
34 2106
34 2620
34 1856
34 2974
35 2131
35 159
35 1991
35 1849
36 1281
36 438
36 812
36 233
36 252
37 2438
37 2497
37 444
37 1448
37 2713
37 889
37 408
37 2490
38 1512
38 577
38 2639
38 2120
38 1740
38 2489
39 1051
39 2594
39 2601
39 940
40 1305
40 2355
40 319
40 1239
40 495
41 1544
41 2454
41 2022
41 910
42 1206
42 1032
42 1435
42 617
43 1852
43 2959
43 1004
43 1813
43 2207
44 1705
44 2084
44 2504
44 1181
44 1359
44 2952
45 2027
45 1540
45 1585
45 715
45 1997
46 1741
46 2275
46 2889
46 204
46 2190
46 913
47 1130
47 631
47 2023
47 2647
48 2958
48 615
48 1241
48 2482
48 1105
48 2687
48 1160
49 51
49 1218
49 2771
49 2454
50 2560
50 2357
50 2929
50 1607
51 1573
51 1945
51 566
51 1450
51 107
51 1548
51 1017
51 794
52 1809
52 2105
52 542
52 664
52 170
53 2749
53 1986
53 1533
53 1133
53 1667
54 1935
54 2074
54 1266
54 2846
54 2860
54 2295
55 1554
55 2076
55 1077
55 55
55 474
56 2606
56 1103
56 281
56 143
56 2894
56 889
57 1459
57 1370
57 286
57 587
58 1071
58 288
58 1266
58 160
58 2396
59 512
59 2089
59 1545
59 170
59 721
60 1552
60 2234
60 570
60 303
60 1906
60 2644
61 1396
61 1090
61 1683
61 2078
61 818
61 1060
61 253
61 1189
61 1551
61 1066
61 134
61 439
61 1680
61 2141
62 92
62 425
62 405
62 2511
63 2578
63 407
63 2142
63 2023
63 1692
63 2322
63 1316
64 1539
64 83
64 995
64 2196
64 663
65 1259
65 1525
65 1250
65 509
65 880
65 1440
66 2888
66 935
66 350
66 1558
66 1642
67 222
67 2350
67 2895
68 1577
68 670
68 528
68 2141
69 957
69 376
69 2542
69 1453
69 2900
69 1951
70 460
70 2670
70 1924
70 776
70 1643
70 1829
70 1610
70 595
71 2598
71 2871
71 1429
72 2166
72 256
72 847
73 1539
73 2885
73 2328
73 1626
73 102
73 2357
73 1953
74 1093
74 2911
74 1447
74 2868
74 1867
74 2900
74 1911
74 2483
75 238
75 2495
75 1228
75 1812
75 946
76 1051
76 578
76 2095
76 1375
77 2850
77 526
77 2111
78 1026
78 2833
78 2782
78 1630
78 2295
79 529
79 552
79 1048
79 615
80 613
80 2541
80 2427
80 1660
80 2698
80 744
81 2598
81 2194
81 2009
81 295
81 996
82 2279
82 2374
82 1325
82 1661
82 2815
83 935
83 2905
83 875
83 2946
83 2460
84 2578
84 2647
84 776
85 1048
85 1610
85 2482
85 546
86 105
86 439
86 1625
86 2705
86 1022
87 714
87 887
87 735
87 366
87 2044
87 2928
87 747
88 1735
88 1749
88 2347
88 1148
89 663
89 2563
89 2888
89 124
89 1145
89 2900
90 1402
90 115
90 2906
90 2404
90 494
91 2189
91 1443
91 2772
91 1128
91 630
91 176
91 1338
92 466
92 1231
92 2698
92 1170
92 506
93 1737
93 1710
93 2644
94 2484
94 150
94 1897
94 1631
94 1470
95 2575
95 510
95 2896
95 2825
96 1030
96 1512
96 439
96 2168
96 818
97 2327
97 2672
97 1816
98 593
98 1094
98 1884
98 1230
99 2267
99 157
99 1769
99 2109
99 2163
100 2562
100 2098
100 412
100 1406
100 612
100 2544
101 227
101 2330
101 2711
101 593
101 214
101 1769
101 1598
101 1996
101 2297
101 436
102 1386
102 1765
103 550
103 351
103 2901
103 2778
103 2479
104 1126
104 2922
104 891
104 1144
104 2734
104 827
104 2404
105 2635
105 1066
105 1223
106 1828
106 2464
106 776
106 1975
106 2020
107 2241
107 2593
107 2765
108 1105
108 2217
108 210
108 1834
109 1837
109 896
109 1854
109 759
109 2815
109 443
110 1039
110 2068
110 539
110 567
111 2537
111 895
111 1612
111 634
112 2593
112 1052
112 370
112 2211
112 369
112 1404
113 2312
113 2628
113 1040
113 2295
114 1033
114 2114
114 1122
114 702
114 2265
115 2159
115 2966
115 312
115 839
115 286
115 2655
115 2681
115 1776
115 2805
116 2995
116 1425
116 1548
116 1945
117 1027
117 2575
117 2810
117 823
117 1751
117 671
117 2301
117 1423
118 1030
118 532
118 2607
118 153
118 1204
119 2052
119 1961
119 1901
119 642
119 221
119 1804
119 1814
119 803
119 1978
120 534
120 1073
120 2616
120 2014
120 2536
120 791
120 137
120 1684
121 2567
121 2880
121 1087
122 876
122 1045
122 1463
122 2818
122 1404
123 2142
123 2152
123 2754
123 2951
123 2586
123 2197
123 776
123 2043
124 350
124 1631
124 935
124 544
124 2442
124 1145
125 2055
125 1545
125 185
125 1812
126 2050
126 2817
126 953
126 2952
126 1178
126 156
127 2303
127 2125
127 258
128 1582
128 1088
128 142
128 1207
128 1398
129 1763
129 1880
129 1489
129 1332
129 327
130 620
130 2162
130 641
130 2174
130 639
130 1488
130 465
131 1273
131 1668
131 1439
131 1171
131 148
131 2238
131 2031
132 1602
132 1245
132 808
133 1123
133 2726
133 1365
133 1677
133 2858
133 2531
134 1100
134 1625
134 2705
134 1396
134 1030
134 291
134 1174
135 2657
135 1636
135 2288
135 2271
136 1142
136 2576
136 1024
136 522
136 2017
136 2590
137 2063
137 1651
137 145
137 2934
137 2987
138 2109
138 1205
138 2731
138 2202
138 1793
138 1319
139 139
139 1212
139 2002
139 594
139 2708
139 152
139 1251
139 2852
139 627
140 792
140 992
140 164
141 192
141 610
141 2730
141 1877
141 1828
141 1797
141 316
142 2249
142 1446
142 1260
143 870
143 1308
143 387
144 541
144 1569
144 662
144 2204
145 2478
145 2651
146 2571
146 2618
146 2160
146 2986
147 1033
147 553
147 2114
147 1140
147 1231
147 2576
147 1120
147 2526
148 450
148 1207
148 2109
149 410
149 1729
149 2935
149 1085
150 1438
150 1190
150 376
151 2735
151 1024
151 2067
151 2845
151 1909
152 1168
152 1183
152 1698
152 443
152 1244
152 282
153 1615
153 1133
153 2245
153 670
153 1204
153 1037
154 803
154 2145
154 965
154 1814
154 1822
155 2534
155 795
155 1079
156 493
156 1125
156 2073
156 1536
156 2349
156 156
156 1572
156 309
157 2713
157 1616
157 581
157 2318
157 2902
158 589
158 1660
158 2459
158 2639
158 2547
159 2588
159 2519
159 1954
159 703
160 705
160 2323
160 447
160 790
160 2074
160 1576
161 1117
161 2963
161 1942
161 877
162 536
162 270
162 2081
163 1164
163 1111
163 382
163 2237
163 1815
163 1364
164 2212
164 2443
164 1964
164 1751
164 2402
164 1917
165 190
165 2229
165 1183
165 2930
165 929
166 1697
166 917
166 195
166 2597
166 1257
166 191
166 784
166 1838
167 694
167 1200
167 1201
167 1693
167 2835
168 1621
168 1179
168 2682
168 2738
169 1616
169 226
169 923
169 1205
170 1166
170 1627
170 482
170 641
170 2055
170 957
171 299
171 2365
172 519
172 1121
172 2391
173 1106
173 1188
173 1339
173 901
174 1576
174 615
174 1692
174 2464
175 1606
175 2961
175 2892
175 1308
175 2095
175 2779
175 2393
176 2682
176 313
176 2719
176 1297
176 2505
177 648
177 2714
177 2039
177 196
177 2309
178 2405
178 2299
178 1464
178 2250
178 411
179 1554
179 2069
179 2887
180 557
180 2851
180 1580
181 2717
181 2021
181 2002
181 2776
181 1333
182 2599
182 809
182 2346
182 1267
183 2102
183 2187
183 2441
183 184
183 2889
183 2320
183 1543
183 2237
183 2904
184 489
184 928
185 201
185 1480
185 2529
185 2592
185 2304
185 1011
186 305
186 1522
186 2233
186 2290
187 2178
187 1162
187 1156
187 1754
187 2835
187 2897
188 1153
188 2738
188 2791
188 2758
188 2266
189 2298
189 2801
189 730
190 2611
190 1712
190 282
190 1838
190 917
191 2741
191 1356
191 2074
191 1361
192 1153
192 638
192 1974
193 2682
193 2192
193 1517
193 1791
193 301
193 349
193 2039
194 552
194 2720
194 1436
194 2746
195 1283
195 1933
195 1984
195 2256
195 2334
196 2005
196 1685
197 429
197 673
197 500
197 267
198 1827
198 2224
198 962
198 382
199 1266
199 2931
199 2294
199 2396
199 357
200 2364
200 833
200 996
200 343
201 1166
201 1730
201 1228
201 1812
201 1346
201 2549
201 2039
202 2731
202 1622
202 2362
202 1872
203 2299
203 265
203 2065
203 1201
203 914
203 1125
204 355
204 1681
204 2989
204 615
204 1761
205 619
205 1866
205 2270
205 1835
206 1474
206 234
206 692
206 754
207 1150
207 2642
207 497
207 939
208 1177
208 2604
208 2793
208 2792
208 244
208 1853
209 1357
209 2189
209 2753
209 1864
210 2658
210 1810
210 724
211 1207
211 2760
211 2155
211 2269
211 275
212 2121
212 2914
212 276
212 2325
212 1440
213 2647
213 631
213 546
213 2623
213 407
213 2508
214 2053
214 2659
214 2706
214 248
214 2370
215 2200
215 963
215 321
215 1413
216 354
216 1524
216 810
216 1896
216 1237
216 438
216 326
216 1080
216 432
216 1513
217 2699
217 2717
217 2861
217 2965
218 636
218 713
218 865
219 605
219 1347
219 2281
219 1777
220 898
220 2974
220 1186
220 1791
220 2969
220 1974
221 2568
221 642
221 1784
221 1763
221 2341
221 301
222 765
222 1236
222 2895
222 2849
223 2200
223 1236
223 1868
223 2361
223 1319
223 328
223 2498
223 963
224 2566
224 2259
224 1383
224 2145
224 2056
224 2796
224 261
224 338
225 512
225 1076
225 2144
225 993
225 859
226 2125
226 2179
226 2370
227 1638
227 2762
227 2370
228 1601
228 2833
228 2343
228 2988
228 335
229 558
229 1186
229 1338
229 1291
229 2402
230 2745
230 1773
230 2962
230 898
231 565
231 1233
231 1961
231 338
232 1465
232 2108
232 1844
232 2639
232 2558
232 1617
232 2513
233 2079
233 2097
233 1336
233 876
233 1907
233 386
233 2547
234 1234
234 2841
235 2764
235 746
235 305
235 2876
236 2151
236 2177
236 2389
236 2378
237 1616
237 1633
237 1152
237 2241
237 2370
238 1550
238 2660
238 2268
239 2101
239 2110
239 2837
239 1850
240 2832
240 2130
240 2356
240 2829
240 1793
241 791
241 2671
241 723
242 1946
242 291
242 2690
242 361
243 1003
243 2360
243 1077
243 1914
243 1522
244 2815
244 600
244 1732
244 1237
244 366
244 252
244 773
244 2367
244 1960
245 517
245 1612
245 1126
245 2565
246 2700
246 1472
246 2920
247 597
247 1027
247 510
247 2302
247 782
247 1931
248 1230
248 1599
248 2672
248 2870
248 1247
248 860
249 2441
249 2917
249 489
250 1088
250 1645
250 1173
251 2695
251 2853
251 2225
251 504
251 1008
252 1732
252 1250
252 427
253 549
253 690
253 809
254 2550
254 2768
254 620
254 740
254 449
254 949
255 2425
255 2258
255 2510
255 2390
255 1731
255 1826
256 1083
256 2584
256 840
257 1279
257 2579
257 836
257 758
257 2094
257 1728
258 2109
258 624
258 1674
258 1484
259 533
259 2439
259 1345
259 2828
260 1617
260 1039
260 2264
260 1779
260 1007
260 2501
260 1514
261 524
261 2169
261 2865
261 1856
262 728
262 314
262 800
262 1291
263 695
263 1213
263 1262
263 2317
263 1919
263 2999
264 2793
264 1271
264 1421
264 1305
265 2250
265 2065
266 2182
266 2258
266 2813
266 915
266 340
266 1462
267 2096
267 1563
267 715
267 2581
267 580
267 428
267 536
267 2788
268 1724
268 1984
268 372
268 2403
268 1350
268 2417
269 1049
269 1416
269 770
269 1602
269 927
270 1762
270 2254
270 1542
271 2358
271 1281
271 2582
271 2476
271 941
272 2283
272 278
272 2107
272 2810
272 2101
272 1328
272 1827
273 273
273 1780
273 1694
273 1059
274 1681
274 2224
274 1364
275 2704
275 1129
276 1732
276 1583
276 2954
277 332
277 2247
278 2836
278 373
278 2967
278 1854
278 1912
279 754
279 2317
279 1470
279 915
280 1303
280 2369
280 1014
281 1102
281 1107
281 1381
281 1460
282 762
283 650
283 1719
283 1255
283 1835
283 1918
283 2557
284 814
284 2368
284 1337
284 404
284 339
284 975
284 1494
285 2649
285 2221
285 692
285 1906
286 2685
286 1659
286 1882
286 2565
286 1115
286 2006
286 2347
286 427
287 1615
287 1649
287 1682
288 1957
288 2823
288 1193
289 2218
289 2789
289 2699
290 1037
290 1068
290 1790
290 2985
290 2030
291 1746
291 2970
292 2220
292 732
292 1894
292 1452
292 2999
293 2849
293 329
293 489
293 1319
294 2700
294 2037
294 2439
294 1298
294 835
294 1798
294 1334
295 2316
295 816
295 1397
296 2561
296 2828
296 2968
297 762
297 2376
297 1728
298 2713
298 2389
298 2435
299 2715
299 2776
300 537
300 760
300 1182
300 1907
300 1503
301 655
301 2758
301 1818
301 1443
301 2998
302 1574
302 1288
302 547
302 1360
303 1132
303 1590
304 2310
304 2690
304 2763
304 1383
304 2198
305 1759
305 1783
305 932
305 2543
306 2096
306 583
306 1189
306 2589
307 1181
307 2983
307 586
307 1851
307 2394
307 2952
308 420
308 1654
308 1958
308 2524
308 1079
308 1342
309 515
309 2817
309 927
309 1967
310 2515
310 389
310 797
310 941
310 2582
310 1261
311 1129
311 920
311 1040
311 1026
311 1052
312 2589
312 1082
312 2404
313 610
313 316
313 2505
314 728
314 883
314 454
314 1124
314 1920
314 668
314 1974
315 1117
315 1243
315 1337
315 1452
316 2158
316 2969
317 2221
317 1830
317 681
317 1894
317 747
317 1672
318 543
318 2106
318 2828
319 2367
319 931
320 2190
320 2187
320 1214
320 2498
321 2205
321 2877
321 355
321 2270
322 2182
322 666
322 521
322 874
323 515
323 2073
323 1340
323 1595
323 2921
323 1825
323 1506
324 1151
324 2338
324 2135
324 2082
324 1260
324 410
325 1699
325 1419
325 865
325 2642
325 1965
325 1935
326 1772
326 1182
326 1853
326 876
326 2461
326 1260
327 416
327 2701
327 1233
327 1409
328 1979
328 2342
328 2237
328 1140
329 1581
329 1293
329 969
330 777
330 695
330 1217
331 2161
331 1713
331 1354
331 385
332 1054
332 681
332 1368
332 2032
332 2963
332 2999
332 1938
333 1647
333 2134
333 2340
333 796
333 1880
334 1445
334 2169
334 2865
334 1074
334 2058
334 1006
335 725
335 900
335 2963
335 971
336 1042
336 2806
336 1973
336 973
337 1006
337 2722
337 2272
337 501
338 1901
339 2368
339 2044
340 2816
340 1868
340 1413
340 1000
341 1212
341 1870
341 806
342 1055
342 2284
342 2816
343 1258
343 1489
343 985
343 2275
344 2179
344 2297
344 1932
344 881
345 2679
345 668
345 1254
345 1789
345 1365
345 968
345 2707
345 411
345 2451
345 385
346 1254
346 826
346 1696
346 1203
346 407
347 2090
347 1593
347 2483
347 2124
347 2960
348 2109
348 2149
348 1674
348 1215
348 2465
349 2794
349 1818
349 646
350 452
350 440
351 550
351 562
351 644
351 950
351 2544
351 1861
351 2119
351 537
351 2045
352 1790
352 2691
352 1298
352 2030
353 1111
353 1299
353 1832
353 1868
354 2281
354 2547
355 615
355 2181
355 1236
356 816
356 2439
356 2416
356 2968
357 1922
357 2236
357 1957
358 1632
358 2159
358 1820
358 2537
359 1334
359 675
359 944
359 2047
360 1105
360 1290
360 1574
360 1993
360 2015
360 1898
361 2871
361 2566
361 2975
362 1103
362 1129
362 2704
362 1688
362 1272
362 422
363 1027
363 782
363 480
363 363
364 2077
364 2654
364 384
364 1408
364 1437
365 1567
365 1190
365 452
365 2974
366 696
366 732
366 692
366 2503
367 628
367 2741
367 2671
367 1012
368 1171
368 1889
368 834
368 999
369 1111
369 908
370 619
370 520
370 2574
371 2899
371 2167
371 1696
371 1200
372 741
372 1192
372 2764
372 1433
373 2107
373 948
373 1399
373 2978
374 1571
374 1099
374 2905
375 1999
375 659
375 2098
376 1897
376 1911
376 396
376 1765
376 2508
376 2946
376 2469
377 1511
377 2176
377 1777
377 819
378 2076
378 1851
378 1378
378 1381
379 1036
379 2285
379 2639
379 1057
380 1601
380 1181
380 854
381 2152
381 1721
381 2770
382 2244
382 850
382 2441
383 1800
383 1899
383 802
384 1068
384 1847
384 1445
384 2691
384 2620
384 543
384 2861
385 1897
385 2707
385 1306
385 781
385 2531
386 778
386 1732
386 2476
387 2606
387 1996
387 2527
388 1198
388 496
388 2965
388 506
389 2079
389 564
389 866
389 1088
390 514
390 2212
390 2947
391 2595
391 2614
391 618
391 2556
392 1513
392 1800
392 1005
392 1298
392 2216
392 492
393 2358
393 1239
393 2409
393 509
394 2221
394 2756
394 2332
395 2315
395 1739
395 1960
396 1427
396 1534
396 452
396 1169
396 2473
397 859
397 2480
397 1655
397 1508
398 734
398 2345
398 1890
398 931
399 565
399 2429
399 861
400 2060
400 2135
400 1623
400 1630
401 2347
401 1211
401 633
402 2813
402 1337
402 1801
403 1572
403 1613
403 816
404 777
404 1813
405 2112
405 2735
405 2993
405 2580
405 2489
406 1890
406 1525
406 830
407 563
407 724
408 1699
408 2468
408 453
409 1636
409 1727
409 2791
410 983
410 2655
410 634
410 1968
411 1211
411 1696
411 1376
411 899
411 1762
412 1355
412 1526
412 597
412 659
412 2253
412 2070
412 2530
413 2999
413 720
413 2284
413 2904
414 2259
414 1895
414 2780
415 2116
415 615
415 2670
415 631
415 1256
415 1787
415 2383
416 2568
416 1369
416 1282
416 470
417 758
417 1362
417 1286
417 2581
418 1332
418 1118
418 1535
418 2496
419 2671
419 1266
419 2286
419 2881
420 1562
420 574
420 625
420 1138
420 799
420 1324
421 2185
421 2407
421 2689
421 2481
422 2857
422 1040
422 1458
423 2650
423 1666
423 1381
423 2095
423 2486
423 2743
423 1060
424 1109
424 1125
424 2436
424 1371
424 1896
425 1024
425 2113
426 684
426 1376
426 2913
427 2404
427 827
428 2665
428 2254
429 2287
429 1483
429 2478
429 954
430 2634
430 1796
430 2923
431 1592
431 588
431 1113
431 1762
432 1259
432 2345
433 1168
433 1261
433 1858
433 1764
434 2395
434 2696
434 951
434 1406
435 515
435 2072
435 1109
435 1874
436 923
436 1704
437 859
437 2901
437 597
437 1936
437 1507
438 1777
438 1520
439 1736
440 2732
440 2900
440 1119
440 2553
440 1170
440 1534
441 2098
441 1095
441 2144
441 2696
441 960
442 1392
442 2447
442 2101
442 1325
442 2819
442 1848
442 1285
443 1114
443 671
444 2186
444 860
444 2468
444 757
445 2109
445 469
445 1616
446 528
446 1066
446 1615
447 2846
447 1886
448 2671
448 2840
448 2977
448 1993
448 1195
449 2804
449 1299
450 1540
450 2569
450 1046
450 2596
450 2747
450 715
451 584
451 1106
451 2396
451 1395
451 980
451 2015
452 2615
452 2723
452 1897
453 947
453 1381
453 1666
453 965
453 1996
454 649
454 2824
455 2939
455 2431
455 1187
455 473
456 1621
456 655
456 1775
456 1857
456 1018
457 1043
457 1044
457 1080
457 2952
458 1798
458 1097
458 2971
459 512
459 859
459 1466
459 1387
459 788
460 546
460 1955
460 1975
461 1141
461 2115
461 2788
461 1078
461 514
461 1186
462 580
462 2184
462 737
463 2120
463 2684
463 2427
463 2526
463 506
464 2063
464 1064
464 1651
465 2114
465 589
466 805
466 2935
466 1941
466 2017
466 2446
466 2621
466 1202
466 2661
466 1473
466 2541
466 506
467 2050
467 2076
467 925
468 2408
468 1921
468 1773
468 2813
468 1322
468 2053
468 1243
468 1926
468 1497
468 2745
468 2107
469 2653
469 2435
470 1572
470 2970
470 2009
471 1100
471 670
472 960
472 1143
472 2049
473 2512
473 2972
473 2449
474 825
474 2887
474 829
474 548
474 1536
474 2580
474 2626
474 1340
474 586
474 925
474 2349
474 2717
475 2562
475 550
475 1417
476 2257
476 1833
476 1332
477 2074
477 1188
477 1913
478 2442
478 1979
478 1829
479 2108
479 2489
480 1059
480 857
480 510
481 2716
481 1988
481 482
481 1580
482 2075
482 2617
482 639
483 1580
483 2164
483 704
484 1140
484 1433
484 2041
484 1036
485 2068
485 664
485 1273
486 1034
486 529
486 2116
486 615
486 1256
487 2709
487 510
487 1013
488 2320
488 2934
488 2710
488 1208
489 928
489 963
490 2149
490 785
490 2870
491 514
491 2271
491 1994
491 2039
492 2030
492 2920
492 952
493 2456
493 1851
494 558
494 2614
494 2040
495 537
495 1891
495 1503
495 1739
495 2715
496 1350
496 2268
497 1150
497 1405
498 1211
498 1317
498 1869
498 2913
499 862
499 2914
499 2954
499 1485
500 715
500 1889
501 694
501 2858
501 2773
501 1532
502 2659
502 2673
502 2779
502 731
503 2893
503 2535
503 844
504 867
504 899
505 585
505 959
505 2019
506 2814
506 2845
506 506
506 1433
506 598
506 903
506 702
507 1679
507 1251
507 2417
507 1998
507 2452
508 1033
508 553
508 1146
509 2359
509 941
509 2079
509 1440
509 956
509 2726
510 2466
511 1557
511 875
511 995
512 2024
512 1526
512 2472
512 2117
512 2385
512 1355
512 1936
512 2387
512 2232
513 802
513 2865
513 2971
513 2169
513 1798
514 2657
514 1917
514 2505
515 2352
516 2728
516 1163
516 1465
516 2263
516 2246
516 1049
516 2645
516 1688
517 1578
517 924
517 1126
517 1402
518 2556
518 1882
518 827
519 1053
519 2833
519 1678
519 1151
519 2287
519 2295
519 2516
519 1630
519 528
520 2926
520 990
520 2454
520 1614
520 2689
520 1309
521 2006
521 2641
521 895
522 938
522 1909
522 2633
522 1057
523 1480
523 1496
523 2660
523 599
524 1298
524 2828
524 1345
524 2953
524 543
524 2416
524 1005
524 2291
524 2293
524 2554
524 2821
524 2985
524 1326
524 1469
525 1948
525 2782
525 1876
525 536
526 1745
526 2619
526 2204
527 527
527 1506
527 829
527 1044
528 2156
528 961
528 1577
528 1022
529 1828
529 1287
529 672
529 546
529 2129
529 2658
530 542
530 2058
530 1627
530 1597
531 1387
531 2677
531 676
532 2199
532 1022
532 1268
533 2408
533 847
533 1285
533 1006
533 821
534 2505
534 1073
534 1052
534 2630
534 1675
534 990
535 2725
535 1608
535 1488
535 721
535 1812
536 1446
536 1985
536 2020
538 2925
538 2448
538 538
538 1445
539 1788
539 1627
539 1730
539 2075
540 2729
540 1081
540 1742
540 1493
540 1906
540 2612
541 1263
541 1745
541 977
541 1519
542 542
542 599
542 1812
543 2007
543 2030
544 2124
544 2460
544 2885
544 1607
544 579
544 1145
544 2008
545 1629
545 1736
545 2492
545 2607
545 719
545 961
546 615
546 665
546 972
547 2270
547 1824
547 723
547 1360
547 1108
547 1395
548 1601
548 1595
548 1495
548 1753
548 1554
548 916
549 2057
549 2635
549 1604
549 1694
549 2123
549 2188
549 677
550 1936
550 2413
550 1689
550 1466
550 718
550 1206
550 2480
550 1811
550 676
551 2066
551 729
551 2120
551 2513
552 1161
552 2036
552 2129
552 1256
552 1424
553 2684
553 1086
553 2137
553 1729
553 1844
553 903
554 2383
554 1576
554 2991
554 1787
555 1274
555 2198
555 1481
555 2115
555 2164
555 1341
556 1575
556 1966
556 1252
556 662
556 1715
556 1085
557 1263
557 1591
557 662
557 2028
558 891
558 2132
558 1358
558 1659
559 1348
559 1006
559 1442
559 1074
559 2806
559 774
559 2828
559 2953
559 1500
560 1547
560 2594
560 947
561 1071
561 1290
561 2881
561 1193
561 2844
561 815
561 2956
562 1999
562 1499
562 2232
563 2720
563 590
563 2746
563 2243
563 2550
564 1415
564 2864
564 1240
564 1777
564 862
565 2183
565 660
565 2874
566 916
566 1391
566 1684
566 1478
567 994
567 594
567 2640
567 1726
568 748
568 568
568 1867
569 1543
569 1081
569 1742
569 1166
569 682
570 722
570 2298
570 1141
570 1065
570 2024
571 1078
571 657
571 977
571 1252
571 2198
571 1376
571 1687
571 1823
572 2019
572 2086
572 1568
572 2099
572 2960
572 2204
573 1577
573 1396
573 1133
573 2188
573 2346
574 2302
574 2940
574 864
574 2815
575 1514
575 1277
575 1516
575 2313
575 2953
576 2658
576 2087
576 733
576 1700
576 1709
576 1910
577 1831
577 2067
577 598
577 679
578 2186
578 680
578 2512
578 2743
578 2650
578 2667
579 2090
579 945
579 2483
579 1001
579 1897
580 2085
580 1876
580 2478
581 2214
581 2151
581 1878
581 1329
582 1642
582 2976
582 2041
582 2935
582 2513
582 2541
583 2571
583 1551
583 1605
583 834
583 2344
583 2014
584 2215
585 722
585 1532
586 1246
586 1705
586 1865
586 1673
586 2952
586 2451
586 2540
587 2805
587 1664
587 2331
587 2895
588 1088
588 1592
588 1388
589 2285
589 2684
589 1202
590 1048
590 1810
590 1256
591 2949
591 2677
591 2751
591 597
591 2521
592 1294
592 1537
592 1490
592 1710
592 1011
593 2356
593 1816
594 1545
594 1166
595 1048
595 2217
595 1773
595 615
595 1777
596 2583
596 2170
596 1584
596 2916
597 2602
597 2414
597 1406
597 2385
597 2433
597 2994
597 1579
597 2472
597 1507
598 1078
598 1036
598 1140
599 949
599 1640
600 2345
600 1485
600 1281
600 810
601 1537
601 2742
601 1532
601 2148
602 2565
602 2922
602 604
602 2847
602 2556
603 1051
603 1448
603 2400
604 1538
604 1115
604 2943
604 2038
604 618
604 1016
604 2556
605 1347
605 1883
605 764
605 830
605 1379
606 2145
606 2183
606 1429
606 2950
607 1037
607 1042
607 835
607 2169
607 1366
608 1616
608 1928
608 2356
608 1430
608 1484
609 2595
609 924
609 2943
609 2899
609 983
610 2039
610 937
610 2758
611 2658
611 2092
611 2499
612 2640
612 1730
612 2768
613 1036
613 1057
613 2646
613 1729
613 1740
614 1869
614 1835
614 844
615 2984
615 2647
615 1105
615 1424
615 1160
615 2991
615 2637
615 986
615 1256
615 2499
616 1710
616 2153
616 2148
616 2198
616 1708
616 856
617 1041
617 1588
617 2497
617 1150
618 1578
618 2641
618 1050
618 1469
618 634
618 1820
619 1457
619 1556
619 1193
619 1129
620 2246
621 2653
621 785
621 2942
621 2177
622 2577
622 1628
622 2063
622 964
623 1094
623 1620
623 1816
623 1908
624 1091
624 1620
624 1792
624 2784
624 2165
624 2475
624 656
624 2672
624 2307
625 864
625 1423
625 1342
626 2591
626 2174
626 1809
626 682
626 1273
627 2120
627 1656
627 1085
627 2845
627 2576
627 2446
627 970
628 1294
628 2286
628 1799
629 2761
629 1381
629 1187
629 2643
630 2204
630 2656
630 2834
630 707
630 2890
631 2193
631 1256
632 2089
632 1627
632 1131
632 2640
632 664
632 988
632 1514
633 2065
633 2225
633 2161
633 1317
634 853
634 1860
634 1050
634 1664
634 2906
634 2564
634 2962
634 2331
634 1879
635 2623
635 1692
635 654
635 2197
636 884
636 2431
636 2186
636 1449
636 1435
637 1980
637 852
637 1677
637 1696
638 992
638 1702
638 1653
638 672
639 2174
639 997
639 1039
639 1779
640 1502
640 2447
640 2419
640 2940
640 1070
641 1916
641 994
641 1488
642 1116
642 1224
642 768
642 796
642 816
643 1450
643 1690
643 990
643 1700
644 2638
644 1227
644 2027
645 842
645 1183
645 2692
645 651
645 1724
646 2418
646 2273
646 1184
646 2682
646 976
647 1510
647 1679
647 2789
647 1198
648 2719
648 2288
648 2791
648 1889
648 1291
648 2005
649 1010
649 2656
649 2505
650 2016
650 788
650 1501
651 2876
651 2910
652 1214
652 2441
652 2989
652 804
652 1293
653 1674
653 2706
653 2241
653 881
654 1034
654 972
654 1802
655 1877
655 822
655 1191
655 1721
655 1018
655 1385
655 1723
655 728
656 2602
656 1999
656 2452
657 1703
657 2583
657 2204
658 1044
658 1566
658 1080
659 2638
659 1417
659 1949
659 2559
660 1822
660 2701
660 2826
660 828
661 1539
661 866
661 2178
661 2463
662 1252
662 1552
662 2872
662 1050
662 2011
663 1190
663 1867
665 1643
665 2687
666 801
666 1659
666 2847
666 2986
667 1685
667 2248
667 2261
667 700
667 1401
668 2311
668 1676
668 914
668 2318
668 2226
669 2055
669 1545
669 2162
669 1550
670 1615
670 2936
670 1181
671 2634
671 2467
671 1411
671 2836
671 873
672 1184
673 1028
673 1915
673 737
673 1446
673 2802
674 2649
674 2813
674 1921
674 1852
674 1128
675 1242
675 2305
675 900
675 2420
676 2387
676 1206
677 1629
677 1625
677 930
677 2488
677 1022
678 2096
678 1605
678 1022
678 1511
678 2610
678 2141
678 1486
679 2639
679 938
680 2095
680 2118
680 998
680 2809
681 919
681 1942
681 2904
682 1061
682 1640
682 2105
682 2612
682 814
682 2246
682 1916
683 2115
683 2204
683 1983
683 1687
683 1341
684 2450
684 1354
684 793
685 1155
685 1676
685 1672
685 2693
685 2226
685 1867
686 1886
686 1574
686 786
686 1361
687 1600
687 2988
687 1985
688 2267
688 794
688 2757
688 1704
688 2762
688 2370
688 1484
689 1727
689 1653
689 1531
689 1226
690 1683
690 2188
690 2344
690 2492
690 1009
691 2669
691 2179
691 1793
691 1969
692 1234
692 1497
692 1773
692 1217
692 2320
692 2354
693 2731
693 2673
693 2297
693 1599
693 2800
693 2240
693 1562
693 785
693 2370
694 2803
694 2458
694 2839
694 2016
694 1598
695 1444
695 1372
695 1248
695 1728
695 1801
696 732
696 2328
696 2962
696 2781
696 2408
696 1494
697 2058
697 2075
697 1131
697 2501
698 2192
698 1775
698 1179
698 2213
699 1106
699 2239
699 2377
699 699
699 2326
699 2840
699 1360
699 2029
700 1297
700 2353
700 2430
700 1410
701 1338
701 1775
701 753
701 2353
702 2576
702 2126
703 2564
703 1578
703 1612
703 2899
703 718
703 2943
703 2944
703 1106
704 1591
704 1650
704 1669
705 2215
705 2736
706 2686
706 1247
706 1344
706 882
707 2261
707 2719
708 981
708 1320
708 2671
709 2049
709 1626
709 2609
710 962
710 2224
710 2426
710 2804
711 2172
711 2757
711 2149
711 2362
711 2370
711 1969
712 1054
712 1209
712 1942
712 2258
713 1547
713 2642
713 2527
713 2777
714 2745
714 1756
714 2312
714 1334
715 2135
715 834
715 2665
715 1645
715 2276
715 1195
715 1094
716 2559
716 2676
716 1165
716 2336
716 1758
716 1254
716 1367
716 2428
716 2548
717 1191
717 2758
717 1857
718 1499
718 1387
719 2607
719 1533
719 2635
719 1957
720 2205
720 2260
720 1319
720 2498
721 1597
721 946
722 1552
722 1132
723 1108
723 2004
723 2855
724 1810
725 1056
725 1235
725 1242
725 2781
725 1400
726 1556
726 791
726 2881
726 901
727 1645
727 795
727 1171
727 2254
727 2007
727 2800
728 753
729 2449
729 2489
729 2526
730 2471
730 1591
730 2788
730 894
730 1966
731 1089
731 1620
731 1872
731 1925
732 1213
732 2649
732 2503
732 1304
732 2740
733 1910
733 2014
733 2421
734 1269
734 2176
734 778
735 1235
735 1756
735 1280
736 1494
736 2733
736 2422
737 2143
737 817
737 2988
737 1545
738 2563
738 875
738 2973
738 748
738 837
738 2911
739 2585
739 2590
739 2941
740 2089
740 2591
740 1976
740 1273
740 2495
741 2878
741 1220
741 2852
741 2398
741 1315
741 1350
741 1461
742 2605
742 1675
742 2955
743 1739
743 872
743 1177
743 1278
744 2120
744 1740
744 1024
745 1229
745 2694
745 1927
745 1096
745 1114
745 746
746 2209
746 1821
747 1926
747 2220
747 898
747 1444
748 2090
749 2065
749 2223
749 1221
749 2535
750 2652
750 2301
750 1958
751 1025
751 1630
751 2146
751 1540
751 2391
751 1887
752 2624
752 2214
753 1186
753 1685
753 2969
754 1117
754 1321
754 2437
754 1422
755 2654
755 1192
755 1759
755 763
756 2121
756 1097
756 973
757 937
757 1382
757 2348
757 982
757 1797
758 2081
758 2173
758 1292
758 1863
759 2283
759 2296
759 1301
759 1399
759 1512
759 2517
760 1253
760 1513
760 2811
760 1336
760 1521
760 1665
761 2174
761 1273
761 2549
762 1706
762 2025
762 1858
762 1998
763 1892
763 1712
763 1310
764 2793
764 2457
764 2461
765 2219
765 1000
765 910
766 851
766 2335
766 798
766 1799
767 1168
767 2046
767 1212
767 1192
767 2432
767 2514
767 2848
767 1307
767 2487
767 1893
767 2930
768 1441
768 2134
768 861
768 1664
768 2440
769 1164
769 2205
769 2200
769 1312
769 2927
770 2645
770 2760
770 2581
770 2338
771 999
771 1439
771 1876
771 1195
772 2416
772 2150
772 1677
773 1281
773 2097
773 1739
773 2336
773 909
773 2528
774 1298
774 2166
775 1717
775 1185
775 1010
776 2139
776 2356
777 1242
777 1328
777 1217
777 1980
777 1400
778 1738
778 2367
779 1266
779 2846
779 2866
779 1993
779 2004
780 2053
780 2437
780 1117
780 2221
780 2745
780 2896
780 1328
781 1541
781 2545
781 2316
781 1369
781 1895
781 985
781 996
782 2940
782 2434
783 2680
783 2193
783 1105
784 2876
784 1995
784 2910
785 2109
785 2463
786 1748
786 1290
786 2507
787 2699
787 1697
787 2268
787 1461
787 1995
788 1136
788 1156
788 2858
788 1367
788 2932
789 1262
789 1813
789 1372
790 851
790 2664
790 2844
791 2242
792 2657
792 1401
792 800
793 2853
793 2016
793 1211
793 867
793 2531
793 2535
794 2109
794 2632
795 1167
795 2269
796 1282
796 2871
796 2970
797 2176
797 1883
797 1237
797 2884
798 1276
798 1288
798 1407
798 980
799 2010
799 2815
799 857
799 2517
800 1184
800 2947
800 2005
801 2175
801 2182
801 2886
802 2561
802 2654
803 2763
804 2275
804 1111
805 1660
805 2113
805 1146
805 1843
806 2708
806 1698
806 2228
807 2938
807 1968
807 1612
808 836
808 1398
809 1090
809 2096
810 2262
810 1521
810 880
810 812
810 2352
810 866
811 2180
811 2219
811 2339
811 2895
812 2097
812 1347
813 2182
813 2614
813 2595
813 2323
814 2745
814 1213
814 1452
815 955
815 1294
816 1814
816 2808
816 1369
816 820
816 1397
816 996
817 1540
817 2094
817 1887
817 1465
818 1736
818 2289
819 1883
819 1182
820 2052
820 1062
820 1833
821 2796
821 1429
821 2383
822 1153
822 2714
823 2279
823 1654
824 2258
824 2420
824 2745
824 1574
825 2070
825 1601
825 2952
825 1506
826 2255
826 1075
826 2161
826 1672
826 2203
826 2835
827 2734
827 1016
828 2259
828 2054
829 2626
829 1109
829 2050
830 2572
830 2604
830 862
831 989
831 1289
831 2349
832 2056
832 1946
832 2950
832 1409
833 1224
833 1258
833 1369
834 1040
834 2184
834 1863
834 2031
835 1097
835 1326
835 1366
836 1582
836 1465
837 1571
837 1940
838 2795
838 1693
838 1449
839 2565
839 1612
839 874
840 1150
840 2654
840 2854
840 1097
840 1516
840 2505
840 1943
841 2049
841 2875
841 2484
841 1453
842 1096
842 843
843 1706
843 1783
844 1075
844 1136
844 1670
845 1811
845 2878
845 1453
846 1821
846 2852
847 2080
848 2051
848 2357
848 2049
849 1516
849 2697
849 1733
849 2827
850 2820
850 1214
850 1681
850 1609
850 943
851 2286
851 1395
852 2707
852 1652
853 2595
853 2471
854 1181
854 2983
854 2626
855 2928
855 1860
855 924
855 2556
856 1220
856 1070
856 1316
856 2578
857 1902
858 2927
858 2710
858 1681
858 2557
859 2387
859 1484
860 1394
860 2809
860 2642
860 2606
860 2486
860 1553
860 1968
861 1746
861 1116
861 1953
862 2121
862 2969
863 2479
863 2562
863 2677
863 2027
864 2815
864 2382
864 2940
865 2118
865 2809
866 1738
866 2582
866 1379
867 2707
867 2839
867 2000
868 1848
868 1541
868 2598
868 1822
868 1323
869 1027
869 2110
869 2302
869 2634
869 2467
870 979
870 1553
870 1589
871 1574
871 1824
871 1266
871 1360
871 2194
872 1314
872 1305
873 2171
873 1412
873 2421
873 2964
874 2595
874 2805
875 2885
875 1047
876 2315
876 2274
876 1278
876 1177
877 2312
877 1801
878 1227
878 2778
878 2600
878 2098
879 2083
879 1786
879 2363
879 955
880 1336
881 1793
881 1932
882 1331
882 2435
883 2278
883 1318
884 2631
884 1766
884 1987
884 2512
885 1209
885 2756
885 1894
885 1470
885 1004
886 1401
886 2211
886 2448
887 2221
887 1213
887 2410
887 1462
888 1885
888 2655
888 1849
888 2040
889 1107
890 1059
890 926
890 2636
891 2210
891 1370
891 2537
892 1697
892 1315
892 1838
893 1440
893 1891
893 1336
893 1487
894 929
894 1998
894 1461
895 2734
895 2404
896 1772
896 2815
896 1819
897 2799
897 2866
897 1886
897 2262
897 1281
898 1422
898 2390
898 1744
899 2561
899 1136
899 2392
900 1400
900 2424
900 1015
901 2235
901 1276
901 2977
902 1407
902 1886
902 2008
903 2067
903 1656
904 1779
904 1639
904 2681
904 2722
904 2835
904 2458
905 1032
905 1766
905 998
906 2050
906 1092
906 1181
907 2750
907 2779
907 2748
907 1792
907 1872
907 1477
907 1484
908 2087
908 978
908 2995
909 1583
909 1237
909 2461
910 1450
910 1700
910 1309
911 2745
911 1243
911 2962
911 1400
912 2808
912 2183
912 1029
912 2975
913 1832
913 2275
913 943
914 1118
915 2424
916 1752
917 2694
917 1183
918 1286
918 1442
918 2108
918 1660
918 2459
919 1235
919 2312
919 1452
920 1088
920 2603
920 2094
921 2101
921 1411
921 1772
922 1117
922 1158
922 2172
923 2239
923 1205
923 1230
924 1860
924 1950
924 2556
925 1595
925 2136
925 2817
925 1554
925 2982
926 2455
926 926
926 1178
927 2076
927 2436
927 1109
928 2260
929 2789
930 1780
930 2289
931 2582
931 2662
931 1240
931 1753
931 2476
931 1521
932 2373
932 2699
932 2733
933 2973
933 1279
933 2850
933 2478
934 2257
934 1441
934 2397
935 2563
935 2609
935 2915
936 1164
936 2992
936 2180
937 2682
937 2505
938 2126
939 1766
939 1187
939 1963
940 1273
940 2606
940 2758
940 1628
941 1960
942 1206
942 2253
942 1949
942 1471
943 2441
944 2332
945 1169
945 2723
945 1897
945 2411
946 1550
946 1608
947 1452
948 2467
948 1562
948 2347
949 1061
949 2264
950 2638
950 2452
951 2061
951 2472
951 2521
952 1031
952 2080
952 1366
953 1536
953 1340
954 2146
954 1458
954 2133
954 1049
954 1028
954 2338
954 1446
954 1668
954 2263
954 1693
955 1019
955 2083
955 1734
956 1237
956 2359
956 956
957 1558
957 1093
958 2133
958 2143
958 1121
959 2019
959 2298
959 991
960 2384
960 2949
960 2385
960 1655
960 1861
960 2061
961 1615
962 1215
962 2827
963 1111
963 1614
964 2481
964 2925
964 1700
965 2774
965 1441
965 1785
966 1230
966 1045
966 1840
967 2561
967 2898
967 2985
968 2612
968 2843
968 2863
969 2895
969 2205
969 2934
970 1033
970 2126
971 2822
971 2912
971 1921
972 2687
972 2129
973 1620
973 2854
974 1725
974 2760
974 1260
974 2802
974 1286
975 1234
975 975
976 1864
976 1124
976 2838
977 1568
978 1853
978 2630
978 1404
979 1558
979 1897
979 2570
979 995
980 984
980 1106
980 1893
981 2484
981 2104
982 1334
982 1124
982 2714
982 2348
982 1875
983 2040
984 2956
985 1063
985 1647
985 2485
985 996
985 2316
985 2482
986 2057
986 2599
986 1594
987 1114
987 1662
987 1772
987 2504
988 2064
988 2495
989 1566
989 1851
990 2987
990 2453
990 1730
991 2099
991 2916
992 2418
992 1517
992 2577
993 1206
993 2395
994 2617
994 1273
994 2935
995 2051
996 2134
996 2826
996 1880
996 1456
996 1332
996 2259
996 1014
996 1743
996 2545
997 1555
997 2055
998 2924
998 2527
999 2207
999 2269
999 2478
1000 1023
1000 2181
1000 1548
1001 2603
1001 2249
1002 2952
1002 1192
1002 1461
1003 2366
1003 1178
1004 2093
1004 1452
1004 2999
1004 2962
1004 1830
1004 1197
1004 2368
1004 1377
1005 1074
1006 2077
1006 1516
1007 2296
1007 1788
1007 1819
1008 2886
1008 1869
1009 1625
1009 1565
1010 1401
1010 1179
1010 2305
1011 2617
1012 1108
1012 2855
1013 2652
1013 2837
1014 2871
1014 2397
1015 1056
1015 2510
1016 1664
1016 2734
1016 2556
1017 1752
1017 2925
1017 1478
1018 1128
1019 2570
1019 2088
1019 2563
1019 2905
1019 2484
1019 2888
1020 1662
1020 1264
1020 2815
1020 1912
1020 2467
1020 1083
1021 1569
1021 2115
1021 1476
1022 1533
1022 1694
1022 2599
1022 2555
1022 2592
1023 2219
1023 1300
1023 1319
1023 2426
1024 2639
1024 1024
1025 1232
1025 2081
1025 1602
1026 2500
1026 2785
1027 2139
1027 2862
1027 1138
1027 2434
1028 2133
1028 1163
1028 1053
1029 1946
1029 1952
1029 1303
1029 1282
1029 1332
1031 2077
1031 2584
1031 2620
1031 2668
1031 2828
1032 1405
1033 1844
1033 1433
1034 2116
1034 2637
1034 2129
1034 1643
1034 1287
1034 2508
1035 1867
1035 2056
1035 2054
1036 1057
1036 1656
1036 1941
1036 1465
1036 2646
1036 1122
1037 2668
1037 2990
1037 2948
1037 2291
1037 1930
1037 1442
1037 1500
1038 1325
1038 1848
1038 1324
1038 1342
1038 1389
1038 1912
1039 1084
1039 2617
1039 1726
1039 1779
1039 2529
1039 2470
1040 2207
1040 1049
1040 2785
1040 2635
1040 2255
1041 2062
1041 1553
1041 1963
1041 2972
1041 2524
1042 1345
1042 1790
1042 2406
1042 1326
1042 2937
1042 2990
1043 1486
1043 2136
1044 1671
1044 2626
1044 1092
1044 2666
1044 2737
1044 1657
1044 2540
1045 1548
1046 1596
1046 2988
1046 1905
1046 2255
1047 2563
1047 1593
1047 2484
1048 2386
1048 2092
1048 2012
1049 1195
1050 2159
1050 1882
1050 2847
1051 2979
1051 2519
1051 1107
1051 1308
1052 1463
1052 2651
1052 2675
1052 1572
1052 1064
1052 2453
1053 1542
1053 2133
1053 2207
1053 2338
1054 2552
1055 2739
1055 1505
1055 1956
1056 1197
1056 2122
1056 2258
1057 2935
1057 2541
1058 1932
1058 1274
1058 1552
1058 1070
1058 2011
1058 2028
1059 1428
1060 2571
1060 1512
1060 1343
1060 1986
1060 1204
1060 2783
1060 1267
1060 1268
1060 1511
1060 2730
1061 1555
1061 1346
1062 1871
1062 1804
1062 1265
1062 2194
1062 2145
1062 2807
1062 1332
1063 1456
1063 2780
1063 2316
1064 2593
1064 2627
1065 1220
1065 1532
1065 2164
1065 1644
1065 2872
1066 1577
1066 2688
1066 1682
1066 2346
1066 2555
1067 1554
1067 1829
1067 1714
1067 2697
1067 1137
1067 1299
1068 2554
1069 1171
1069 2500
1069 1585
1069 1645
1069 1195
1070 1263
1070 2801
1070 2583
1070 1745
1070 1172
1070 2204
1071 2881
1071 1774
1071 2671
1072 1469
1072 2815
1072 2296
1072 2107
1073 1544
1073 1700
1073 2407
1073 2964
1074 2828
1074 2821
1074 2974
1075 2933
1075 2853
1075 1670
1076 1689
1076 2024
1076 1451
1076 2521
1077 2366
1077 1570
1077 2456
1077 1657
1078 1552
1078 1316
1078 2198
1078 1559
1078 1575
1078 2788
1078 1650
1079 2051
1079 1088
1079 2628
1079 2135
1080 2206
1080 1378
1080 1657
1081 1545
1082 2277
1082 2928
1082 2404
1082 2519
1083 1643
1083 2668
1083 1790
1083 2584
1083 1611
1084 2055
1084 2068
1085 2066
1085 2427
1085 2558
1085 1778
1085 1977
1085 2541
1086 2633
1086 1170
1086 2194
1086 2120
1086 1642
1086 2935
1087 1289
1087 1554
1087 1353
1087 2952
1088 2712
1088 1688
1089 2327
1089 1598
1089 1094
1089 2539
1090 1396
1090 2759
1091 2337
1091 1711
1091 1599
1091 1141
1092 2070
1092 2666
1092 2921
1092 1967
1093 1897
1093 2900
1094 2902
1094 1633
1094 1646
1095 1417
1095 2696
1095 2304
1095 2522
1096 2597
1096 1836
1096 1168
1096 1712
1097 2106
1097 2291
1098 1543
1098 1545
1098 2091
1099 1567
1099 2732
1100 2096
1100 1629
1101 1230
1101 2800
1101 2475
1102 2606
1102 2095
1102 1699
1102 2438
1103 2652
1103 2650
1103 2972
1103 1150
1104 2085
1104 2254
1104 2231
1104 1540
1104 2143
1104 1260
1104 2343
1105 2036
1105 2720
1105 2663
1105 1787
1105 2550
1105 2814
1106 1845
1106 2323
1106 2903
1106 2286
1106 1188
1108 1922
1108 1993
1109 2076
1109 2580
1109 2360
1109 1496
1109 1914
1110 1568
1110 2086
1110 1591
1110 1132
1110 2164
1111 1741
1111 2342
1112 2584
1112 1426
1112 2700
1112 2691
1113 2608
1113 1889
1114 2967
1114 1772
1114 2139
1114 2501
1115 2614
1115 1154
1116 2598
1116 2950
1116 2054
1117 1912
1117 2053
1117 2093
1117 2425
1117 1368
1117 2841
1117 1444
1117 2044
1117 2227
1118 2909
1118 1376
1119 2051
1119 2609
1119 1624
1119 1951
1120 2555
1120 1410
1120 1477
1121 2665
1121 1416
1121 1439
1121 2276
1122 2120
1122 2112
1123 2837
1123 2693
1123 1835
1123 1817
1124 2838
1124 2430
1124 1947
1124 1468
1125 2506
1125 2394
1125 2349
1125 1657
1125 1874
1126 2204
1127 1127
1127 2817
1127 2739
1128 2834
1129 1592
1129 1195
1129 1688
1129 2343
1130 1134
1130 1576
1130 2680
1131 2058
1131 2573
1131 2725
1132 1316
1132 1476
1133 1594
1133 2188
1133 2783
1133 2786
1134 2092
1134 1810
1134 2680
1135 1616
1135 2179
1135 1701
1136 2405
1137 2401
1137 2426
1137 2917
1137 2498
1138 2283
1138 2302
1138 2709
1138 2882
1138 2374
1138 1392
1138 2819
1138 1611
1139 2570
1139 1557
1139 1624
1139 2251
1139 2911
1139 2973
1140 2814
1140 2114
1140 2790
1140 1843
1141 2788
1141 2115
1141 1580
1141 1316
1142 2426
1142 2114
1143 1143
1143 1386
1143 2973
1144 2471
1144 2159
1144 1885
1144 2556
1145 2196
1146 2120
1146 2013
1147 2634
1147 2279
1147 2419
1147 1912
1148 1449
1148 1306
1148 1722
1148 1159
1148 1162
1148 1501
1148 2016
1148 2147
1148 1855
1148 2299
1148 1737
1148 2191
1148 1817
1149 1450
1149 2771
1149 2022
1149 2171
1149 1931
1150 2761
1150 2486
1151 2059
1151 1582
1152 2629
1152 2202
1152 2748
1153 1318
1153 2794
1154 1849
1154 1841
1155 2893
1155 2933
1155 2932
1156 2678
1156 2336
1156 1758
1156 2223
1156 1670
1157 2017
1157 1157
1157 2427
1157 2013
1158 1620
1158 2378
1158 1816
1158 1225
1158 2829
1158 2370
1159 2548
1159 2707
1159 2491
1159 2535
1160 1377
1161 2623
1161 2958
1162 2678
1162 1735
1162 2450
1162 2225
1162 1718
1162 2392
1163 1623
1163 1465
1163 1989
1164 1214
1164 1761
1164 1208
1165 2679
1165 1311
1165 1255
1167 1602
1167 2648
1167 2329
1167 1416
1168 1933
1168 2848
1168 1244
1168 2119
1168 2930
1169 2560
1169 1626
1169 1447
1171 1645
1171 1509
1172 1687
1172 2644
1173 2094
1173 2628
1173 2581
1174 1343
1174 1780
1175 1677
1175 1211
1175 1749
1175 2773
1176 2649
1176 2068
1176 1318
1176 2824
1176 2744
1176 2212
1176 1947
1177 1182
1178 2887
1178 1359
1178 2506
1179 1674
1179 1721
1179 1857
1179 2969
1180 2078
1180 2199
1180 2057
1180 1511
1180 2555
1181 2072
1181 2540
1182 2572
1182 1240
1183 2699
1183 1310
1184 1877
1184 1743
1184 2770
1185 1636
1185 2682
1185 2402
1186 1760
1186 2753
1186 1818
1187 2809
1187 2282
1187 1987
1188 2664
1188 2477
1189 1625
1189 2705
1191 2288
1191 1904
1191 1592
1192 1698
1192 1257
1193 2546
1194 2674
1194 2125
1194 1862
1195 1645
1195 2254
1196 1633
1196 1686
1196 1363
1196 1858
1197 2649
1197 2221
1197 2822
1197 2408
1198 1716
1198 2002
1198 1712
1198 2373
1198 2046
1199 2340
1199 2844
1199 2015
1199 2466
1199 2029
1200 1749
1201 2897
1201 2722
1201 2272
1202 2993
1202 2126
1202 2489
1203 1311
1203 2250
1204 2123
1205 2673
1205 1479
1205 2859
1205 1215
1206 2371
1206 1579
1206 2677
1206 1406
1206 1861
1206 2522
1207 1602
1207 1990
1208 1733
1208 1761
1208 2442
1208 1755
1208 2934
1209 1216
1209 2424
1209 2912
1210 2918
1210 2334
1210 1420
1210 2717
1212 1695
1212 1307
1213 2984
1213 1982
1213 1433
1213 1304
1214 2190
1214 2934
1215 1620
1215 2942
1215 2330
1215 1862
1216 2649
1216 2227
1216 1243
1216 1321
1216 1494
1217 2122
1217 2047
1217 1794
1218 2171
1218 1614
1219 2952
1219 2711
1219 2757
1219 2829
1219 1932
1220 1590
1220 1983
1220 1519
1221 2178
1221 1306
1221 2167
1222 1276
1222 2235
1222 1845
1222 2008
1223 2344
1223 2599
1224 1403
1224 1939
1224 1258
1225 2241
1225 1898
1225 1770
1225 2300
1225 1329
1225 1928
1226 2212
1226 1327
1227 1560
1227 2480
1227 1387
1228 2591
1228 1779
1228 1346
1229 1414
1229 1767
1230 2465
1230 2130
1230 1807
1231 2576
1231 2265
1232 2207
1232 2850
1233 2340
1233 1929
1233 2774
1233 2341
1233 2009
1234 1280
1234 1813
1235 1400
1236 2102
1236 2859
1236 2737
1236 1538
1236 1755
1236 2320
1236 2934
1237 1777
1237 2325
1238 2769
1238 2693
1238 2018
1238 2272
1239 2274
1239 2355
1240 1305
1240 2992
1241 2578
1241 2658
1241 2687
1242 2425
1243 2649
1243 1794
1244 1836
1244 1870
1245 2287
1245 2059
1245 1279
1246 1554
1246 2072
1247 2659
1247 2389
1248 2410
1248 2503
1248 1852
1249 1323
1249 2908
1249 2718
1250 2262
1250 2792
1251 2376
1252 2298
1252 2011
1253 1883
1253 2409
1254 2858
1255 2803
1255 2428
1255 1918
1256 2663
1256 2243
1256 2023
1256 2482
1256 2217
1256 2020
1256 2092
1256 2550
1256 2021
1257 1712
1257 2229
1258 2194
1258 1491
1259 2457
1260 2135
1260 1439
1260 2249
1261 2876
1261 1903
1261 2930
1262 2745
1263 1650
1264 2301
1264 2837
1265 2566
1265 2774
1265 1351
1265 1282
1265 2429
1266 1574
1266 2215
1266 2812
1266 2855
1266 2956
1267 2199
1267 1683
1267 2936
1267 2555
1268 1604
1269 2375
1269 2869
1269 2409
1270 1935
1270 1361
1270 2752
1271 2097
1271 1513
1271 1415
1272 1542
1272 2287
1273 2246
1273 1273
1273 1597
1273 1726
1273 1555
1273 2640
1273 2105
1274 1584
1275 2597
1275 2733
1275 1783
1275 2776
1275 1350
1275 1933
1276 2215
1276 1320
1276 1886
1277 2654
1277 1298
1278 2358
1278 1839
1278 1853
1279 2059
1280 1782
1280 2437
1281 1583
1281 1891
1281 2079
1281 2831
1282 1332
1283 2290
1283 1927
1283 1492
1284 2546
1284 2008
1284 2412
1284 2977
1284 2827
1285 1442
1286 2728
1286 2391
1286 1296
1286 2203
1287 2746
1287 2991
1288 2104
1288 1339
1289 2076
1289 2073
1289 1967
1290 1826
1291 2907
1292 2071
1292 1563
1292 2207
1293 2219
1294 2074
1294 1748
1294 2919
1295 1815
1295 2676
1296 1586
1296 2329
1297 1621
1298 2879
1299 1581
1300 2102
1300 1741
1301 2301
1301 2815
1301 1796
1302 2822
1302 2963
1302 2756
1302 1452
1303 2871
1304 2756
1305 2884
1306 1696
1307 2798
1307 1390
1308 2978
1308 1959
1309 1544
1309 2964
1310 2201
1310 2351
1311 1677
1312 2266
1312 2200
1312 2350
1313 2629
1313 2779
1313 2673
1313 2689
1314 2822
1314 2547
1314 1853
1314 1520
1315 1724
1316 1519
1316 1476
1317 2853
1318 1717
1319 2180
1319 1352
1320 2664
1321 2332
1322 2745
1322 1337
1322 1830
1322 2981
1323 1695
1323 2268
1323 1522
1324 1482
1324 1837
1324 1931
1324 2050
1325 2810
1327 2770
1327 2430
1328 2420
1328 2841
1328 1368
1328 2437
1328 2347
1329 1398
1329 1881
1329 1873
1330 2350
1330 2804
1330 2927
1330 1733
1331 2165
1331 1792
1332 2568
1332 2701
1332 2009
1332 2871
1332 2095
1333 2002
1333 2525
1333 1870
1333 2910
1334 2053
1334 2841
1334 2258
1334 2410
1335 2662
1335 2864
1335 2367
1336 2262
1336 1859
1336 2516
1337 2258
1338 1904
1339 2074
1339 1913
1340 2504
1340 1359
1341 1715
1342 2882
1342 1399
1342 1460
1342 1411
1343 2749
1343 2060
1344 2109
1344 2130
1344 1701
1348 2620
1348 2169
1349 2320
1349 2518
1349 2816
1349 2934
1351 2701
1351 1369
1352 1681
1352 2827
1353 2567
1353 2073
1354 2707
1355 2586
1355 1467
1356 2323
1356 2664
1357 2253
1357 2304
1357 1689
1357 2585
1358 1459
1358 1849
1358 1664
1358 2900
1359 2076
1359 1874
1360 2015
1360 1656
1360 1498
1361 1498
1362 2306
1362 1915
1362 2391
1362 1962
1363 2632
1363 1622
1364 2190
1364 1475
1364 2767
1365 2839
1365 1879
1366 1437
1367 2450
1368 2390
1368 2984
1368 1452
1369 2257
1369 1929
1369 2904
1370 1538
1370 2556
1371 2072
1371 2076
1371 1566
1372 2221
1372 2509
1373 2717
1373 1716
1373 2229
1373 2918
1373 2304
1374 1880
1374 2054
1374 2796
1374 2630
1375 2606
1375 2601
1376 1789
1377 2048
1377 2383
1377 2550
1378 2767
1378 2456
1379 2869
1379 2457
1380 1652
1380 1817
1380 2893
1381 1455
1381 1419
1381 2924
1382 2738
1382 1864
1382 2003
1383 1763
1383 1880
1384 2615
1384 2388
1384 1911
1385 2232
1385 1570
1385 2721
1386 2615
1387 2994
1388 2581
1388 1905
1388 2500
1389 2891
1389 2419
1390 1858
1390 1759
1390 1434
1391 2441
1391 2630
1391 2536
1392 2154
1393 1573
1393 2087
1393 1637
1394 1699
1394 2761
1394 2438
1395 1974
1396 2096
1396 2749
1396 1577
1396 2523
1397 2780
1397 1814
1398 1582
1398 2269
1398 1725
1398 1483
1399 1788
1399 2815
1399 1831
1400 1782
1400 2664
1401 1477
1401 1473
1401 1443
1401 2003
1401 2505
1401 1945
1402 2906
1402 1659
1402 2938
1403 1804
1403 1541
1403 1489
1404 2185
1405 2724
1405 2449
1405 2979
1406 2600
1406 2232
1407 2323
1408 2920
1408 1445
1409 2259
1409 2808
1410 2730
1412 1700
1412 1720
1412 1412
1412 2502
1413 2426
1414 1892
1414 1454
1415 2647
1415 2572
1416 2645
1416 2256
1417 2562
1417 2385
1417 2559
1417 1624
1418 2100
1418 2117
1418 2061
1419 2494
1420 1716
1420 2334
1420 1454
1421 2367
1421 1525
1422 1906
1422 1756
1423 1846
1424 1576
1425 1548
1425 2087
1426 2512
1426 2843
1426 1442
1427 2911
1427 1970
1427 1760
1428 2374
1428 2010
1430 1616
1430 2370
1430 1484
1431 2779
1431 1757
1431 2820
1432 2625
1432 2118
1432 2497
1433 1778
1433 1843
1433 2684
1433 2126
1433 2446
1433 1977
1433 2523
1434 1679
1434 2717
1434 2718
1435 1589
1436 2647
1436 2637
1436 2520
1437 2828
1437 2920
1438 2051
1438 2929
1438 2460
1439 2637
1439 2252
1441 2763
1442 2077
1442 1611
1442 1445
1442 2293
1445 1993
1445 2561
1446 2238
1447 1567
1447 2835
1448 2743
1448 1959
1450 2423
1451 2117
1451 1689
1451 2381
1452 2822
1452 2312
1452 1470
1452 2410
1452 2220
1454 2918
1455 1959
1455 2062
1455 2979
1456 1750
1456 2808
1456 2538
1457 2083
1457 2766
1457 1774
1457 1826
1458 1592
1458 1602
1459 2847
1460 1588
1460 2035
1460 2594
1460 1576
1461 1805
1461 1706
1461 1510
1461 2373
1461 1838
1461 1471
1462 1794
1463 2651
1463 2765
1463 2042
1464 1869
1464 2707
1465 1600
1466 2472
1466 1507
1467 2586
1467 2949
1467 1526
1468 2278
1468 1864
1469 2810
1469 2815
1469 1854
1469 2467
1470 2959
1471 2480
1471 2384
1471 2994
1471 2559
1472 1570
1472 2584
1472 2828
1472 2473
1473 2824
1473 1721
1473 2753
1473 2569
1474 1921
1474 2781
1475 1755
1475 2187
1476 1580
1476 1644
1477 2271
1478 2926
1478 2022
1479 1620
1479 2300
1479 1599
1479 2944
1480 2064
1481 2103
1481 1584
1482 2940
1482 2634
1482 1772
1483 2082
1484 1704
1484 2541
1485 1732
1485 1739
1485 2515
1486 2506
1487 1859
1487 2831
1488 2591
1489 1785
1490 1575
1490 2099
1490 1584
1490 1920
1491 2056
1491 1613
1491 1929
1492 1764
1492 2422
1493 1545
1493 1812
1494 2756
1495 2069
1495 2626
1495 1753
1495 2001
1496 1988
1496 2725
1497 2122
1497 2221
1498 2931
1498 2664
1498 2738
1499 1579
1499 2100
1499 2371
1500 2444
1500 2879
1500 2399
1501 1879
1502 1803
1502 2842
1503 1896
1503 1883
1504 2706
1504 2832
1504 2762
1504 1701
1505 2711
1505 1714
1506 1671
1507 2600
1508 2751
1508 2045
1509 1934
1509 2071
1509 2252
1510 1687
1510 1522
1511 2610
1511 1551
1511 1511
1511 1635
1512 2057
1512 1629
1512 2096
1512 2033
1513 1896
1513 2914
1514 1543
1514 2246
1514 2501
1514 2064
1514 2573
1514 2264
1515 1951
1515 1603
1515 1607
1516 1845
1516 2948
1517 2753
1518 2321
1518 2953
1518 2080
1519 2148
1520 2121
1520 2262
1522 2733
1522 2403
1522 2201
1522 2708
1522 2292
1522 2910
1522 1836
1522 1783
1523 2708
1523 2256
1523 2229
1523 2268
1524 1536
1524 2604
1524 1583
1524 2954
1525 1853
1525 2375
1526 2144
1526 2544
1527 2062
1527 2195
1527 2873
1527 2438
1527 2449
1528 2580
1528 2721
1528 1914
1529 2603
1529 2314
1529 2238
1530 2381
1530 2413
1530 2544
1531 2039
1531 2192
1532 1669
1533 2492
1534 2049
1535 2722
1535 1758
1536 1570
1536 2580
1536 2817
1536 1554
1536 2070
1536 2050
1537 1564
1537 2872
1538 2614
1539 1593
1539 1888
1539 1571
1539 2088
1540 1725
1540 2207
1540 2579
1540 2071
1540 1937
1540 2478
1541 2429
1541 2134
1542 1915
1542 2391
1543 2660
1544 1771
1545 2573
1545 2797
1546 1843
1546 2633
1546 2137
1546 2067
1547 2761
1547 2631
1547 2490
1548 2532
1548 1573
1549 2196
1549 1558
1549 2609
1549 2469
1550 1608
1550 1726
1551 2492
1551 2635
1551 2607
1551 2571
1551 2123
1552 2198
1552 2872
1553 2118
1554 2744
1554 1842
1554 1944
1554 1753
1554 2206
1555 2787
1555 2640
1556 2956
1556 1826
1556 2235
1556 2931
1557 1911
1557 2051
1557 2960
1557 1571
1557 1609
1558 2088
1559 1559
1559 2234
1559 1580
1559 2103
1559 2011
1560 2677
1560 2590
1560 2586
1561 2585
1561 2371
1561 2024
1561 2479
1562 1848
1562 2896
1563 2314
1563 2596
1564 2916
1564 1715
1564 1669
1564 2011
1564 2877
1565 1565
1565 1577
1565 1667
1567 1940
1567 2120
1568 1687
1568 1650
1569 1687
1570 2456
1570 2136
1570 2626
1570 1673
1570 2945
1570 2952
1571 2357
1571 1867
1572 2340
1572 2264
1572 2440
1573 1825
1574 2736
1574 1845
1574 1731
1574 2766
1574 1648
1574 2860
1575 1687
1575 1983
1575 2103
1575 2204
1576 2687
1576 2647
1576 1834
1577 2057
1577 1594
1577 2156
1578 2565
1578 2685
1578 2271
1579 2585
1579 2304
1580 2115
1580 1650
1580 2204
1581 2244
1581 1832
1582 2146
1582 1602
1582 1668
1584 2759
1584 2924
1584 2619
1585 2516
1585 1989
1585 2041
1586 1859
1586 2579
1587 2589
1587 1664
1587 2899
1587 2805
1587 2811
1587 1612
1588 2195
1588 1606
1588 2669
1589 2894
1590 1812
1590 2583
1590 1591
1590 2153
1590 1715
1591 2916
1591 1591
1591 2298
1591 1687
1591 1737
1591 2805
1591 2204
1591 2742
1592 2579
1592 2308
1592 1678
1593 2609
1594 2245
1594 1986
1594 1604
1595 2072
1595 2880
1595 2001
1595 2076
1595 2580
1595 2785
1596 1887
1596 1915
1596 1795
1597 2592
1597 1812
1598 2327
1598 2330
1598 2465
1598 2779
1598 1908
1598 1969
1599 2711
1599 2202
1599 2713
1599 1646
1599 2539
1600 2094
1600 2802
1600 2648
1600 1762
1601 2567
1601 2084
1601 1671
1601 2206
1602 2306
1602 2031
1603 1603
1603 2960
1603 2878
1603 2885
1604 2618
1604 2168
1605 2599
1605 2786
1605 1635
1605 2635
1605 1640
1606 2892
1606 2393
1607 2124
1607 2878
1607 2911
1609 2989
1610 2754
1610 2958
1610 1618
1610 2663
1610 2152
1611 2080
1611 2166
1611 2293
1611 2305
1612 2175
1613 2056
1613 1784
1614 2925
1614 1628
1614 1910
1615 2635
1615 2759
1617 1922
1617 2104
1617 2752
1617 2412
1617 1734
1618 1692
1619 2438
1619 2603
1619 1658
1619 2238
1620 2622
1620 2389
1620 2784
1620 2379
1620 2740
1620 1704
1620 2240
1621 2907
1621 2158
1622 2748
1622 1878
1623 2155
1623 2252
1623 2031
1624 2483
1624 1765
1624 2493
1625 2610
1625 2338
1626 1631
1627 2055
1627 2592
1628 1675
1628 2453
1628 2702
1631 2493
1631 1897
1631 2484
1632 2928
1632 1991
1632 2404
1633 1807
1634 2854
1634 2324
1634 2313
1635 2635
1635 2141
1635 2199
1636 2656
1636 1920
1636 1717
1637 1709
1637 2925
1637 1923
1638 1925
1638 2775
1639 1758
1639 1665
1639 2839
1640 2089
1640 2617
1640 2246
1640 1809
1641 2703
1641 2150
1641 2311
1642 2698
1643 1810
1644 2011
1645 2903
1647 2867
1647 2687
1648 2294
1648 2671
1649 2599
1649 2759
1650 2011
1650 2164
1650 1675
1650 2204
1651 1651
1651 1923
1652 1672
1652 2679
1652 1676
1652 2203
1652 2491
1653 2138
1653 2883
1653 2261
1654 2882
1654 2533
1654 1788
1654 2891
1655 2144
1655 2901
1655 2387
1655 2371
1656 2066
1656 2120
1658 2596
1658 2391
1659 2655
1659 2906
1660 2126
1660 2526
1661 2575
1661 2819
1661 1803
1661 2940
1662 2139
1662 1902
1662 2842
1663 2924
1663 2892
1663 2642
1663 2873
1663 2894
1663 2939
1663 1729
1665 2693
1665 2230
1665 2178
1665 2722
1665 2226
1665 1879
1666 2095
1666 2527
1667 2749
1667 2688
1668 2031
1669 2619
1669 1680
1669 1823
1670 2223
1672 2415
1673 2076
1673 2921
1673 2952
1674 2140
1674 2318
1674 2800
1675 1720
1676 1789
1676 1719
1677 2018
1677 2479
1677 2463
1678 2608
1679 2246
1679 1822
1679 2025
1680 2644
1681 2102
1682 2141
1683 1780
1683 2245
1684 2593
1684 2627
1684 2014
1684 2536
1685 2039
1685 2883
1685 2003
1685 2248
1686 2069
1686 2475
1686 2711
1686 1701
1687 1710
1687 2019
1688 2306
1688 1983
1688 2238
1689 1971
1690 2171
1690 2627
1691 2654
1691 2865
1691 2473
1691 2948
1692 2746
1692 2243
1693 2450
1693 2707
1693 2795
1693 2548
1694 2096
1694 2160
1695 2201
1699 1965
1699 2494
1699 2035
1700 2926
1700 2020
1702 1747
1702 2753
1702 1994
1702 2770
1702 1922
1702 2309
1703 2170
1703 2115
1703 1737
1704 2389
1704 2632
1705 2580
1705 1874
1706 2699
1706 2256
1706 2474
1706 1995
1707 2686
1707 2902
1707 2267
1708 2099
1708 2204
1708 2851
1709 1945
1709 1840
1709 1752
1711 2165
1711 2172
1711 2307
1712 2715
1712 1767
1712 2290
1712 2789
1712 1859
1712 2798
1713 2147
1713 2167
1714 1827
1714 2320
1715 2011
1716 2692
1716 2422
1717 2273
1717 1747
1717 2225
1718 2405
1718 2722
1718 2897
1719 2347
1720 2453
1720 2034
1720 2818
1721 2213
1721 2730
1722 2167
1722 2225
1722 2428
1723 2824
1723 2288
1723 2158
1723 2348
1724 2208
1725 1934
1727 2947
1728 2046
1728 2292
1729 2120
1729 2265
1729 2526
1730 2768
1730 1988
1730 2529
1731 2412
1731 2326
1732 2345
1732 2869
1733 2219
1734 2236
1734 1935
1734 2860
1735 2299
1736 2289
1736 2492
1738 2359
1738 1738
1739 2079
1739 2358
1740 2137
1740 2511
1741 2710
1741 2224
1741 1815
1742 2778
1742 2612
1742 2162
1743 2213
1744 2093
1744 2957
1744 1919
1744 2781
1745 2583
1745 2011
1746 2871
1746 2763
1746 2605
1746 1822
1747 1791
1747 2443
1748 2008
1748 2074
1748 1845
1748 2377
1750 2429
1750 2316
1751 2192
1751 1947
1754 2167
1754 2726
1754 2347
1754 2893
1755 2361
1755 2859
1756 2959
1756 1782
1757 2697
1757 2260
1758 2832
1759 2597
1759 2764
1759 2848
1759 2964
1760 2222
1760 2770
1760 2772
1760 1864
1761 2820
1761 2275
1761 2917
1761 1987
1761 1956
1762 2370
1763 2054
1763 2310
1764 2543
1764 2764
1764 1805
1765 2090
1765 2915
1765 1897
1766 2724
1766 2470
1766 2195
1766 1900
1766 2449
1766 2978
1767 2391
1768 2923
1768 2819
1768 2836
1769 2940
1769 2750
1769 1881
1769 2539
1770 2653
1770 1878
1770 2832
1771 2522
1771 2421
1772 2419
1772 2333
1773 2328
1773 2420
1774 2741
1774 2083
1775 2856
1776 2471
1776 2182
1776 2556
1777 1853
1777 2869
1777 2367
1778 2108
1780 2078
1781 2971
1781 2166
1781 1943
1781 1847
1782 2053
1782 2410
1783 2694
1783 1927
1784 2690
1784 2310
1785 2259
1785 1953
1786 2727
1786 2239
1787 2670
1787 1810
1787 2152
1787 2036
1787 2637
1787 2361
1788 2455
1788 2056
1790 2920
1790 2937
1792 2669
1792 2318
1794 2053
1795 2581
1795 2207
1796 2302
1796 2911
1797 2907
1798 2700
1799 2664
1799 1993
1800 2654
1800 2879
1800 2948
1800 2169
1800 2204
1800 2321
1800 2406
1801 2585
1802 2193
1802 2386
1803 2652
1803 2891
1805 2733
1805 2398
1805 1903
1806 2119
1806 1971
1806 2414
1806 2413
1806 2941
1808 2149
1808 2669
1808 2673
1808 2731
1810 1955
1810 2499
1811 2090
1812 2068
1812 2592
1812 1916
1812 2640
1812 2501
1813 2053
1813 2093
1814 1953
1815 2224
1815 2219
1815 1827
1815 2354
1816 2832
1816 2370
1817 2693
1818 2450
1819 2652
1820 2277
1820 2966
1821 1831
1821 2046
1822 2871
1822 2369
1823 2801
1824 2866
1824 2903
1825 2211
1825 2964
1826 2866
1827 2804
1827 2361
1828 2092
1828 2663
1829 2266
1830 2053
1830 2122
1831 2789
1831 2046
1832 2816
1832 2372
1833 2340
1833 2545
1834 2578
1834 2043
1835 2120
1835 2463
1836 2776
1836 2543
1837 2101
1837 2107
1839 2079
1839 2325
1840 2702
1840 2577
1841 2655
1841 2805
1841 2471
1842 2580
1842 2001
1843 2067
1843 2113
1843 2112
1843 2472
1843 2489
1844 2112
1844 2646
1844 2686
1846 2634
1846 2533
1846 2319
1846 1923
1846 2382
1847 2313
1847 2968
1847 2416
1848 2154
1848 2139
1849 2131
1850 2101
1850 2636
1850 2139
1851 2073
1851 1944
1852 2984
1854 2896
1855 2250
1855 2230
1855 2933
1856 2668
1856 2554
1857 1964
1857 2418
1858 2432
1858 2025
1859 2274
1859 2325
1859 2315
1860 2277
1860 2956
1861 2562
1861 2586
1861 2027
1861 2559
1862 2762
1862 2300
1863 2252
1864 2505
1864 2278
1864 2393
1865 2050
1865 2626
1866 2326
1866 2323
1867 2915
1867 1897
1868 2426
1869 2548
1870 2789
1871 2598
1871 2259
1871 2485
1872 2151
1873 2379
1873 2130
1875 2772
1875 2738
1875 2309
1876 2060
1876 1937
1877 2163
1877 2998
1879 2886
1880 2701
1880 2257
1880 2458
1880 2367
1881 2172
1881 2303
1881 1932
1883 2176
1883 1907
1884 2240
1884 2762
1885 2159
1885 2131
1887 2155
1888 2196
1888 2946
1889 2207
1890 2325
1890 2864
1891 2582
1892 2708
1892 2218
1892 2268
1893 2692
1893 2046
1893 2256
1894 2053
1894 2813
1895 2052
1895 2538
1896 2247
1897 2553
1897 2888
1897 1940
1897 2124
1897 2929
1898 2125
1898 2762
1898 2832
1899 2654
1899 2324
1899 2843
1899 2865
1900 2400
1900 2873
1901 2538
1902 2333
1903 2861
1904 1981
1905 2648
1905 2255
1906 2220
1906 1982
1908 2653
1908 1932
1909 2114
1909 2935
1910 2532
1911 2911
1912 2837
1912 2842
1912 2139
1913 2855
1913 2477
1917 2390
1918 2150
1918 2769
1919 2032
1920 2656
1920 2273
1921 2059
1922 2963
1924 2687
1924 2482
1926 1926
1928 2632
1929 2701
1930 2584
1930 2291
1931 2815
1932 2179
1932 2125
1934 2252
1934 2071
1935 2323
1935 2466
1936 2590
1937 2143
1937 2478
1937 2031
1938 2595
1938 2984
1939 2808
1939 2145
1939 2625
1941 2459
1941 2114
1941 2285
1943 2821
1943 2990
1943 1968
1944 2952
1944 2767
1945 2269
1945 2605
1946 2763
1947 2271
1948 2173
1948 2850
1949 2585
1950 2685
1950 2588
1951 2124
1951 2469
1952 2871
1952 2052
1953 2440
1954 2588
1954 2331
1955 2193
1956 2816
1957 2844
1957 1993
1958 2836
1960 2604
1961 2867
1961 1978
1961 2631
1962 2269
1962 1997
1963 2625
1963 2924
1963 2979
1964 2158
1964 2838
1964 2368
1965 2431
1965 2743
1966 2103
1968 2404
1968 2944
1969 2713
1970 2051
1970 2088
1971 2061
1972 2727
1972 2335
1973 2321
1973 2843
1973 2030
1974 2719
1974 2213
1975 2658
1975 2499
1976 2573
1976 1990
1977 2120
1978 2970
1979 2354
1979 2487
1979 2773
1980 2230
1981 1981
1982 2221
1984 2776
1985 2850
1987 2892
1988 2592
1989 2391
1989 1989
1990 2174
1990 2612
1991 2655
1991 2944
1992 2911
1992 2251
1993 2799
1993 2507
1994 2278
1994 2907
1996 2601
1997 2255
1998 2789
2000 2703
2000 2695
2002 2373
2004 2412
2005 2213
2006 2589
2006 2595
2006 2944
2007 2668
2010 2110
2010 2319
2010 2473
2011 2234
2011 2925
2012 2637
2012 2383
2013 2513
2014 2689
2014 2675
2014 2034
2016 2863
2017 2088
2018 2676
2018 2191
2019 2115
2019 2788
2019 2892
2020 2746
2020 2036
2021 2228
2022 2577
2023 2637
2024 2384
2025 2611
2026 2710
2026 2441
2026 2996
2026 2487
2026 2489
2027 2638
2027 2602
2028 2204
2029 2216
2029 2412
2030 2672
2031 2114
2032 2420
2033 2610
2033 2618
2034 2627
2034 2702
2035 2613
2035 2438
2036 2578
2037 2258
2037 2444
2038 2595
2038 2277
2039 2794
2039 2657
2040 2182
2042 2987
2042 2087
2043 2499
2043 2754
2044 2822
2045 2521
2045 2530
2046 2776
2046 2503
2047 2510
2048 2482
2048 2193
2048 2991
2048 2550
2051 2088
2051 2911
2052 2796
2052 2364
2053 2420
2053 2756
2054 2598
2055 2906
2056 2429
2057 2555
2058 2501
2058 2612
2059 2082
2059 2155
2059 2269
2060 2276
2060 2988
2060 2071
2060 2628
2060 2306
2060 2329
2061 2385
2062 2282
2063 2448
2064 2573
2064 2105
2064 2379
2064 2495
2065 2157
2065 2230
2065 2909
2066 2120
2068 2787
2069 2666
2069 2349
2069 2366
2070 2952
2071 2581
2072 2767
2073 2349
2073 2076
2073 2744
2073 2352
2073 2952
2073 2982
2074 2823
2074 2242
2075 2640
2076 2451
2076 2810
2077 2166
2077 2731
2078 2759
2078 2705
2078 2556
2079 2811
2080 2854
2081 2862
2081 2850
2081 2893
2082 2603
2082 2295
2083 2881
2084 2084
2084 2436
2086 2742
2086 2111
2086 2204
2088 2911
2089 2725
2091 2716
2091 2612
2092 2193
2093 2912
2095 2490
2095 2438
2096 2783
2097 2315
2097 2281
2097 2831
2098 2994
2098 2395
2099 2619
2100 2585
2100 2304
2101 2524
2102 2260
2103 2583
2104 2377
2104 2412
2105 2591
2105 2729
2107 2837
2107 2815
2108 2523
2108 2489
2109 2330
2109 2669
2109 2179
2110 2636
2110 2825
2110 2721
2110 2896
2110 2980
2111 2153
2112 2112
2113 2446
2113 2661
2113 2526
2114 2976
2114 2382
2114 2120
2115 2148
2116 2142
2116 2680
2118 2643
2119 2586
2119 2304
2120 2196
2120 2684
2120 2558
2120 2633
2120 2621
2120 2523
2121 2604
2121 2281
2122 2227
2123 2936
2125 2750
2125 2370
2127 2589
2127 2588
2127 2132
2128 2446
2128 2814
2128 2646
2129 2754
2129 2217
2130 2622
2130 2775
2130 2140
2130 2750
2131 2589
2131 2404
2132 2588
2134 2397
2135 2648
2135 2207
2135 2534
2136 2394
2137 2633
2137 2526
2138 2753
2138 2443
2138 2730
2139 2575
2139 2374
2139 2815
2140 2775
2140 2177
2140 2303
2141 2635
2142 2991
2143 2254
2143 2978
2143 2207
2143 2747
2144 2590
2145 2485
2145 2874
2146 2569
2146 2263
2147 2909
2147 2693
2147 2157
2147 2839
2150 2161
2150 2392
2151 2632
2152 2550
2152 2951
2152 2687
2152 2197
2153 2170
2154 2923
2154 2382
2155 2254
2155 2255
2156 2168
2156 2555
2157 2311
2157 2678
2159 2556
2160 2749
2161 2496
2162 2725
2163 2353
2163 2192
2163 2997
2165 2713
2166 2920
2168 2188
2168 2492
2169 2584
2170 2551
2171 2955
2173 2254
2175 2589
2175 2556
2176 2864
2177 2378
2177 2748
2177 2337
2180 2877
2180 2342
2181 2342
2181 2737
2181 2934
2182 2986
2183 2598
2184 2581
2185 2448
2185 2502
2187 2205
2187 2266
2189 2657
2190 2518
2191 2932
2192 2883
2195 2613
2196 2868
2196 2542
2197 2658
2197 2387
2198 2234
2199 2346
2200 2827
2200 2518
2201 2233
2201 2208
2201 2398
2202 2624
2202 2711
2203 2679
2203 2415
2204 2851
2205 2877
2205 2992
2206 2755
2207 2287
2207 2254
2207 2249
2207 2608
2207 2728
2207 2719
2208 2764
2209 2292
2209 2432
2210 2847
2210 2588
2210 2944
2211 2577
2211 2448
2211 2423
2212 2890
2212 2682
2212 2320
2214 2673
2214 2748
2215 2235
2215 2844
2216 2445
2216 2855
2216 2812
2216 2713
2216 2828
2217 2550
2218 2918
2218 2280
2218 2373
2219 2739
2219 2339
2220 2552
2220 2220
2221 2898
2221 2813
2222 2682
2222 2998
2224 2320
2224 2904
2225 2835
2226 2913
2228 2280
2228 2365
2228 2908
2229 2417
2229 2965
2229 2474
2230 2795
2230 2428
2231 2782
2231 2608
2231 2830
2231 2478
2233 2764
2234 2551
2235 2741
2236 2736
2236 2823
2237 2934
2237 2284
2237 2354
2238 2534
2239 2903
2239 2507
2239 2270
2241 2672
2242 2741
2242 2664
2243 2680
2243 2550
2244 2849
2244 2442
2247 2528
2248 2714
2249 2628
2250 2557
2251 2462
2252 2862
2252 2354
2252 2391
2253 2683
2257 2341
2257 2948
2258 2552
2258 2999
2259 2780
2259 2341
2259 2538
2260 2266
2260 2441
2261 2719
2262 2604
2263 2579
2263 2516
2264 2716
2264 2797
2264 2805
2265 2790
2266 2989
2267 2672
2268 2525
2268 2280
2268 2292
2268 2930
2269 2391
2269 2608
2270 2812
2270 2919
2272 2803
2274 2884
2275 2739
2275 2917
2276 2308
2277 2589
2278 2719
2282 2497
2282 2939
2283 2980
2284 2372
2285 2429
2285 2513
2288 2794
2288 2997
2289 2705
2290 2699
2290 2351
2291 2898
2291 2444
2292 2694
2293 2324
2293 2974
2294 2741
2294 2977
2295 2308
2295 2581
2295 2830
2300 2706
2302 2940
2303 2659
2305 2962
2305 2745
2305 2509
2307 2673
2308 2747
2309 2770
2311 2458
2312 2981
2313 2680
2313 2843
2313 2473
2314 2704
2314 2857
2315 2604
2316 2369
2317 2638
2317 2912
2319 2709
2319 2333
2319 2434
2320 2399
2322 2637
2322 2464
2323 2881
2326 2881
2326 2571
2326 2363
2330 2622
2331 2943
2332 2781
2333 2636
2333 2896
2334 2597
2335 2412
2336 2897
2337 2829
2338 2934
2339 2989
2340 2796
2340 2485
2345 2572
2349 2755
2350 2361
2350 2765
2351 2861
2351 2403
2352 2983
2353 2969
2354 2849
2355 2528
2355 2914
2356 2942
2357 2946
2358 2515
2360 2567
2361 2816
2362 2624
2363 2844
2364 2701
2365 2798
2368 2957
2368 2999
2369 2538
2370 2389
2371 2949
2372 2889
2374 2709
2374 2815
2374 2467
2375 2476
2376 2597
2378 2706
2380 2805
2380 2966
2380 2519
2381 2751
2381 2414
2383 2663
2383 2386
2383 2520
2384 2778
2384 2452
2386 2623
2386 2520
2388 2615
2388 2905
2388 2723
2390 2390
2393 2724
2393 2924
2394 2952
2397 2808
2397 2690
2399 2737
2399 2877
2400 2587
2401 2467
2401 2584
2401 2739
2403 2432
2404 2922
2404 2595
2404 2641
2404 2884
2406 2806
2407 2593
2408 2410
2408 2981
2410 2714
2411 2560
2411 2875
2412 2752
2412 2919
2413 2638
2414 2696
2414 2778
2415 2695
2415 2769
2416 2584
2419 2426
2420 2781
2421 2955
2422 2815
2423 2605
2424 2552
2424 2649
2427 2735
2427 2790
2429 2826
2431 2631
2431 2873
2431 2625
2431 2961
2432 2886
2433 2696
2434 2825
2435 2713
2438 2961
2438 2449
2439 2806
2439 2937
2443 2656
2444 2691
2445 2812
2445 2846
2447 2842
2448 2689
2449 2643
2450 2726
2450 2863
2451 2945
2452 2638
2453 2454
2455 2455
2458 2496
2458 2712
2459 2621
2459 2523
2460 2875
2460 2732
2462 2878
2462 2609
2463 2707
2466 2956
2468 2613
2468 2643
2470 2606
2470 2978
2470 2939
2471 2966
2471 2565
2472 2944
2474 2876
2475 2674
2478 2862
2478 2833
2481 2627
2486 2587
2486 2777
2488 2618
2489 2523
2489 2489
2489 2845
2489 2790
2491 2678
2491 2932
2492 2492
2493 2946
2494 2631
2495 2936
2497 2978
2502 2627
2504 2952
2504 2880
2505 2657
2506 2666
2507 2752
2510 2649
2511 2576
2511 2526
2512 2939
2514 2692
2514 2910
2516 2569
2519 2899
2520 2720
2522 2585
2522 2600
2523 2621
2523 2639
2523 2821
2524 2652
2525 2789
2526 2558
2526 2600
2528 2831
2529 2729
2530 2751
2532 2987
2533 2842
2535 2773
2535 2572
2536 2574
2537 2564
2538 2958
2541 2661
2541 2621
2542 2929
2550 2687
2551 2746
2552 2984
2553 2563
2553 2723
2556 2595
2557 2933
2557 2839
2557 2853
2560 2615
2561 2700
2564 2928
2564 2986
2565 2922
2566 2807
2569 2581
2572 2793
2573 2797
2574 2771
2577 2630
2578 2720
2578 2943
2580 2755
2580 2952
2582 2792
2586 2989
2586 2638
2587 2761
2588 2589
2588 2944
2589 2614
2591 2592
2593 2651
2594 2743
2594 2809
2596 2712
2600 2638
2600 2941
2601 2601
2602 2683
2602 2638
2603 2830
2604 2954
2606 2978
2608 2665
2608 2747
2610 2688
2611 2692
2613 2743
2613 2667
2614 2641
2616 2926
2616 2675
2618 2720
2621 2745
2622 2757
2623 2670
2628 2760
2629 2784
2629 2632
2629 2713
2631 2777
2635 2835
2638 2683
2643 2894
2645 2665
2647 2658
2652 2837
2654 2821
2655 2847
2655 2966
2656 2657
2656 2947
2657 2682
2658 2991
2658 2951
2658 2680
2661 2993
2664 2896
2664 2931
2666 2721
2666 2982
2667 2972
2668 2879
2673 2822
2674 2829
2675 2702
2678 2932
2680 2951
2681 2707
2685 2734
2685 2938
2686 2740
2686 2779
2688 2786
2689 2818
2690 2867
2690 2871
2691 2985
2691 2828
2694 2852
2695 2795
2697 2996
2699 2718
2701 2807
2702 2995
2703 2773
2710 2989
2713 2762
2714 2738
2716 2787
2718 2910
2721 2945
2727 2840
2727 2931
2728 2988
2728 2760
2730 2834
2732 2875
2733 2930
2736 2799
2737 2904
2738 2834
2738 2997
2739 2877
2741 2840
2741 2846
2744 2983
2744 2952
2745 2957
2747 2857
2752 2823
2755 2887
2755 2880
2757 2870
2758 2907
2761 2923
2763 2975
2765 2926
2767 2887
2773 2913
2773 2909
2773 2835
2789 2848
2789 2918
2790 2814
2796 2874
2800 2942
2803 2835
2803 2932
2807 2840
2809 2978
2810 2819
2810 2815
2815 2980
2819 2836
2827 2992
2828 2971
2838 2890
2839 2886
2856 2856
2861 2908
2868 2915
2868 2973
2878 2888
2895 2989
2900 2960
2904 2996
2911 2911
2920 2953
2930 2955
2932 2932
2941 2953
2943 2986
2944 2986
2966 2986
2990 2992
