0 961
0 446
0 1577
0 678
1 152
1 1420
1 1523
1 1887
1 1096
1 1706
1 1522
2 1230
2 2800
2 2475
2 2370
3 2302
3 2940
3 864
3 1875
3 2835
4 2717
4 932
4 2883
4 313
5 2151
5 1363
5 2750
5 226
5 2284
5 1770
5 2379
5 1928
6 2093
6 2425
6 1368
6 2778
6 2221
7 450
7 1658
7 1563
7 2059
7 78
8 2799
8 879
8 955
8 1457
8 2881
8 1774
8 58
8 1071
8 1290
8 1935
8 2074
8 1266
8 288
8 2377
8 1674
8 2119
8 1556
8 2752
8 1731
9 2683
9 2385
9 1971
9 2590
10 1558
10 1190
10 1093
10 875
11 2864
11 2604
11 2281
11 12
11 319
12 219
12 1883
13 415
13 486
13 460
13 85
13 2647
13 174
14 295
14 996
14 2397
14 119
14 423
14 1918
15 244
15 1485
15 1347
15 1239
16 2639
16 729
16 2120
16 1632
16 551
16 627
16 679
17 482
17 946
17 238
17 2861
17 2089
17 567
17 669
17 1514
17 2306
18 468
18 1058
18 2583
18 2164
18 2198
19 2433
19 2677
19 2590
19 351
19 2340
20 1048
20 1810
20 552
20 1576
20 724
21 1208
21 2523
21 21
21 589
21 1433
22 544
22 2483
22 73
23 161
23 2841
23 1444
23 330
24 914
24 418
24 1376
24 1136
24 2272
24 2839
25 208
25 1240
25 326
25 909
26 1541
26 2598
26 642
26 996
27 1567
27 374
27 2732
27 579
27 2960
27 2460
28 1552
28 1316
28 2198
28 77
28 1737
29 2070
29 2427
29 2558
29 1642
29 2661
29 114
29 2735
29 2421
30 2950
30 2054
30 2145
30 796
31 1605
31 1649
31 986
31 1060
31 2096
31 2123
31 1174
32 1507
32 1182
32 1714
32 2401
32 1651
33 1635
33 1557
33 2493
33 69
33 2723
34 2139
34 524
34 513
34 261
34 1366
35 2943
35 1991
35 1841
35 1809
35 2046
36 2528
36 277
36 1896
36 1237
36 734
37 2062
37 2924
37 2892
37 2642
37 2866
37 2186
37 2724
37 2777
37 325
38 1085
38 2633
38 1170
38 2114
38 2120
38 679
38 1433
38 2541
39 2743
39 207
39 2761
39 1381
40 2359
40 866
40 1738
40 121
40 389
41 2577
41 534
41 2651
41 1945
42 1553
42 2486
42 1103
42 1435
43 1921
43 1852
43 2332
43 577
43 911
44 1087
44 1077
44 1080
44 2626
44 2744
44 2366
45 365
45 516
45 400
45 142
45 2207
45 1620
46 2342
46 355
46 2737
46 2919
46 2180
46 2441
47 2092
47 1610
47 2482
47 2623
48 2092
48 546
48 1576
48 1242
48 1643
48 492
49 2627
49 1052
49 120
49 964
49 2042
50 1047
50 73
50 1386
50 2973
51 51
51 2454
51 2022
51 2423
51 742
51 576
51 1393
51 2514
52 2591
52 2174
52 1809
52 692
52 599
52 1812
53 818
53 1060
53 253
53 2123
53 2141
54 1845
54 205
54 1457
54 779
54 2840
54 2255
55 1554
55 2070
55 1044
55 2817
55 953
55 2714
55 1092
55 1914
55 2952
56 2606
56 2892
56 1308
56 2667
56 2724
56 1129
57 2565
57 286
57 2655
57 2556
58 1556
58 1193
58 1617
58 2855
59 512
59 523
59 2174
59 594
59 639
59 669
60 1591
60 1110
60 303
60 1568
60 2409
61 2618
61 1268
61 306
61 1551
61 1605
61 1604
61 1577
61 670
61 528
61 1635
61 2936
61 948
61 2578
61 2635
62 2128
62 2639
62 1057
62 2489
63 1692
63 776
63 123
63 2784
63 615
63 2720
63 1687
64 544
64 2493
64 1888
64 1433
64 66
64 74
65 208
65 2367
65 499
65 387
65 866
66 945
66 1145
66 1888
66 2120
67 2473
67 2266
67 2859
67 328
68 2786
68 1100
68 1512
68 2635
69 1139
69 2462
69 2652
69 1145
69 1897
69 2973
69 524
70 2578
70 552
70 2991
70 2647
70 2951
70 2052
70 2637
71 1489
71 221
71 1224
71 1989
72 134
72 2439
72 336
73 2088
73 2973
73 2487
73 2124
73 1626
73 2866
73 1881
74 1438
74 1190
74 2124
74 102
74 1145
74 1867
74 1897
74 365
74 2589
75 1131
75 2529
75 2105
75 2264
75 1777
76 1452
76 905
76 2470
76 1150
77 1329
77 1564
77 1141
78 695
78 1079
79 2092
79 1828
79 2464
79 2185
79 776
79 2023
79 507
80 553
80 2633
80 466
80 1140
80 1660
81 2364
81 1351
81 1880
81 2468
81 200
82 420
82 2283
82 2302
82 239
83 1539
83 2196
83 2915
83 848
83 2911
84 563
84 1810
84 415
85 1424
85 1160
85 184
86 1694
86 2749
86 146
86 2160
86 1223
86 986
87 1906
87 2552
87 2220
87 887
87 317
87 264
87 2258
87 468
88 2693
88 1713
88 1918
88 2679
89 1593
89 1603
89 1607
89 1169
90 1849
90 1841
90 1612
90 1776
90 2404
91 1621
91 1702
91 1653
91 2212
91 792
92 1085
92 2845
92 2576
92 1660
92 2684
93 1479
93 1568
93 1687
93 2011
94 2609
94 1571
94 1940
95 2819
95 1803
95 1902
95 1788
95 1143
95 907
96 1625
96 1565
96 2705
96 2783
96 525
96 1621
96 1473
97 1135
97 785
97 2942
98 2109
98 1194
98 2829
98 693
99 237
99 2748
99 2140
99 621
99 2091
100 2562
100 562
100 351
100 2901
100 1386
101 711
101 1711
101 1707
101 2740
101 706
101 2303
101 2125
101 2898
101 1230
101 1898
102 2915
102 663
103 550
103 2144
103 2901
103 1791
103 397
103 2544
103 757
104 1578
104 1612
104 1126
104 2182
104 895
104 2556
105 1615
105 2078
105 573
105 381
105 715
106 2152
106 972
106 665
106 1241
106 1542
107 2087
107 2616
107 520
107 1393
108 2092
108 972
108 2152
108 174
109 1020
109 1502
109 2447
109 1264
109 890
110 1039
110 567
110 1550
110 2495
110 2529
111 2641
111 2132
111 1950
112 2087
112 1463
112 2593
112 733
112 2964
113 1079
113 2287
113 2254
113 1494
113 2255
113 1509
114 484
114 2013
114 151
114 2735
115 1050
115 2038
115 1820
115 2471
115 115
115 2182
115 1118
116 2453
116 1614
116 622
117 1138
117 2836
117 2980
117 272
117 2876
117 750
118 1030
118 545
118 134
119 2871
119 861
119 562
119 2194
119 242
119 1282
120 1548
120 2593
120 1614
120 2925
120 2153
120 1700
121 2072
121 1003
121 2360
122 2063
122 1052
122 370
122 2423
122 1425
123 2129
123 615
123 2092
123 678
123 2193
123 1287
124 1571
124 2357
124 2049
124 2615
124 2905
124 1604
124 957
124 868
125 1730
125 612
125 535
125 1726
125 2768
126 1595
126 1601
126 2983
126 238
126 2506
126 2064
127 1620
127 2389
127 2632
127 1701
128 2579
128 1889
128 1795
128 1167
129 291
129 2340
129 231
129 1303
129 816
130 2089
130 2091
130 1081
130 949
130 2591
130 1976
130 1803
130 1275
131 170
131 1121
131 2146
131 2712
131 1962
132 2081
132 1446
132 1028
133 1075
133 2016
133 788
133 2468
133 1676
133 2347
133 501
134 1594
134 1615
134 1133
134 2245
134 2199
134 1822
135 2883
135 2003
135 2248
135 2758
136 2120
136 627
136 1729
136 2935
136 1085
136 1806
136 506
137 1149
137 1690
137 1450
137 2771
137 1165
137 966
138 1704
138 1793
138 2731
138 1640
138 2779
139 2597
139 2611
139 2432
139 892
139 419
139 1728
139 767
140 1721
140 1685
140 2248
140 992
141 502
141 672
141 1743
141 638
141 2862
141 2278
141 2856
142 2645
142 2988
142 715
143 1381
143 2393
143 1963
144 2644
144 1141
144 1590
144 1341
144 856
145 622
145 1450
145 1690
146 1066
146 2688
147 636
147 1642
147 2639
147 903
147 577
147 938
147 2471
147 158
148 2847
148 540
148 2782
149 405
149 2993
149 2126
149 844
149 508
150 2088
150 2911
150 738
150 845
150 1992
151 861
151 553
151 744
151 1843
152 1207
152 1257
152 1002
152 1910
152 2228
152 1783
152 2021
153 2188
153 809
153 2346
153 2416
153 1180
153 670
154 1383
154 2145
154 2056
154 242
154 2808
155 673
155 500
155 211
156 1601
156 658
156 307
156 989
156 2504
156 1359
156 953
156 2626
156 785
157 1620
157 1884
157 1225
157 603
157 1770
157 794
158 2120
158 1140
158 613
158 1174
159 618
159 1664
159 410
159 1519
160 191
160 367
160 1774
160 2215
160 2741
160 2823
160 657
161 366
161 2962
161 824
162 547
162 519
162 1046
162 428
163 184
163 2889
163 2320
163 2739
163 1815
163 2895
164 2163
164 2714
164 2834
164 2226
164 707
164 1857
164 1875
165 165
165 2417
165 341
166 1273
166 2417
166 1257
166 2717
166 2021
166 2696
166 2292
166 1283
167 694
167 1200
167 1201
167 2956
167 793
167 426
168 649
168 2824
168 655
169 2706
169 2711
169 2757
170 740
170 1726
170 1555
170 994
170 2640
170 2105
170 485
171 2334
171 1420
171 2717
171 1142
172 1088
172 2850
172 2155
172 267
173 1574
173 2507
173 1356
173 1886
174 1105
174 1077
175 629
175 1527
175 2961
175 2095
175 1394
175 353
176 973
176 1775
176 753
176 299
177 323
177 1124
177 649
177 698
177 728
178 2835
178 2886
178 331
178 2769
178 2463
179 2050
179 2626
179 1178
180 526
180 2115
180 2788
181 299
181 181
181 767
181 784
182 545
182 2635
182 678
182 553
183 1111
183 1714
183 2849
183 382
183 2442
183 849
183 2001
183 342
184 2224
185 539
185 2617
185 1640
185 201
185 2068
185 1122
185 254
185 946
186 2597
186 2764
186 305
186 1759
187 637
187 501
187 2803
187 1255
187 1817
187 2392
188 1760
188 1327
188 1791
189 601
189 1584
189 1058
190 1168
190 1697
190 2908
190 1783
190 268
190 1390
190 2525
191 2004
191 2008
191 2812
191 2335
191 2708
192 1120
192 1653
192 700
192 2947
193 2138
193 1153
193 646
193 1751
193 1291
193 316
193 1477
194 615
194 2687
194 2482
194 275
194 1834
194 1924
195 2229
195 507
195 2543
195 744
195 762
196 655
196 314
196 262
197 552
197 2988
197 1001
197 228
197 2031
197 2416
198 2031
198 2737
198 355
198 1538
198 2934
199 1071
199 1361
199 2752
199 2855
199 302
199 652
200 1383
200 221
200 1332
200 934
201 1597
201 2162
201 2768
201 260
202 2177
202 1247
202 1686
202 2875
203 2853
203 411
203 498
203 1162
203 1156
203 1537
204 2077
204 2266
204 2102
204 963
204 1279
205 879
205 1266
205 673
205 2646
206 1773
206 2962
206 1234
206 1104
207 2118
207 2497
208 2247
208 216
208 2325
208 1152
209 2163
209 2039
209 1153
209 301
209 1010
210 1105
210 2637
210 2193
211 1167
211 2231
211 2295
212 2572
212 2457
212 432
212 1250
212 1269
212 1271
212 866
213 563
213 2658
213 2687
213 2243
213 1256
214 2125
214 2130
214 2672
214 711
214 2318
215 2697
215 2260
215 765
215 2426
216 1237
216 2247
216 2375
216 2869
216 264
216 1513
216 1721
216 876
217 645
217 1096
217 755
217 767
217 1390
218 2594
218 1606
218 2743
219 1739
219 2262
220 655
220 728
220 800
220 390
221 1265
221 2636
221 1014
222 2917
222 963
222 2224
222 2698
222 2320
222 1312
223 1164
223 2372
223 2237
223 1767
223 1832
223 2889
223 943
223 2992
224 2183
224 796
224 1029
224 1763
224 1784
224 304
224 2156
224 1332
224 2916
225 512
225 2098
225 597
225 2407
225 2381
225 2024
226 1152
226 1219
226 2307
226 2370
227 1616
227 593
227 693
228 715
228 2581
228 580
228 2822
229 655
229 1473
229 2907
229 2794
229 1857
230 675
230 2258
230 919
231 1541
231 660
231 1332
231 1978
231 2850
232 2391
232 1433
232 2128
232 2790
232 506
232 1105
232 2489
233 1421
233 1738
233 386
233 271
233 830
233 1859
233 2884
233 395
233 2476
234 692
234 714
234 2122
234 2305
234 468
235 1712
235 1244
235 1307
235 2487
236 1620
236 2669
236 1816
236 2832
236 1504
237 2109
237 2629
237 1701
237 258
237 1316
238 2591
238 1210
238 2211
239 574
239 2810
239 2815
239 921
240 2779
240 1504
240 1898
240 1758
241 1826
241 786
241 360
242 1953
242 2793
243 1092
243 1673
243 1109
243 434
244 1103
244 2079
244 734
244 1259
244 2656
244 810
244 1379
245 518
245 1578
245 2922
245 292
246 288
246 2313
246 1426
246 458
247 1020
247 1399
247 1931
247 267
247 2301
247 869
248 2177
248 2829
248 2673
248 2389
248 581
248 1225
248 2233
249 1774
249 252
249 2361
250 1049
250 2628
250 1129
250 1465
250 1679
251 2655
251 1155
251 716
251 1958
251 504
252 2547
252 398
252 1732
252 2572
253 719
253 2289
253 1512
254 2312
254 2264
254 542
254 996
255 279
255 263
255 2822
255 2963
255 434
255 468
256 1037
256 835
256 1798
256 1500
257 1104
257 1129
257 836
257 1398
257 422
257 1412
258 2653
258 2151
258 778
258 2435
259 1095
259 1691
259 2554
259 774
260 641
260 664
260 1273
260 2357
260 1514
260 963
261 261
261 1291
261 1442
262 2758
262 2794
263 1117
263 2220
263 332
263 1939
263 655
264 1738
264 760
264 1521
265 2769
265 1238
265 1693
266 602
266 1337
266 1830
266 2420
266 1084
266 2509
267 2579
267 2252
267 1989
267 751
267 1260
267 2155
267 1792
268 1198
268 892
268 1099
268 289
268 842
269 519
269 588
269 1171
269 1889
269 2333
270 1163
270 2238
270 1725
270 1008
271 2864
271 2367
271 2409
271 876
272 430
272 1772
272 2634
272 2533
272 1631
273 1736
273 677
273 690
273 2168
273 2208
274 976
274 2187
274 1681
275 2143
275 2857
276 2079
276 393
276 1314
276 2375
277 1525
277 1278
277 1305
278 2815
278 1469
278 278
278 1342
278 2896
278 2467
279 1234
279 2957
279 2408
279 1004
280 2807
280 1029
280 476
280 985
281 1547
281 1041
281 1666
281 453
282 856
282 2789
282 762
282 2257
283 1211
283 772
283 2147
283 2863
284 1368
284 2032
284 2963
284 2123
284 1321
284 402
284 1452
285 2053
285 2649
285 1117
285 1852
286 1538
286 322
286 2805
286 1885
286 2655
286 1849
286 2906
286 1215
286 1882
286 2680
287 1625
287 2160
287 2492
288 1748
288 2323
288 1993
288 1498
289 2715
289 741
290 1847
290 1634
290 1042
290 1943
291 1746
291 2796
291 1809
292 2221
292 725
292 898
292 1422
292 2720
292 2495
293 1312
293 2275
293 1111
293 1832
293 1319
293 1505
294 567
294 1074
294 1790
294 2439
294 1899
294 802
294 2549
295 2796
295 1946
295 338
296 1445
296 2691
296 2620
297 2789
297 1212
297 1870
298 2043
298 2068
298 1135
298 2362
299 645
299 2717
300 1240
300 2315
300 872
300 1859
300 1907
300 432
300 1487
300 2202
301 2682
301 1723
301 2309
301 1760
301 1382
301 2588
302 2286
302 1826
302 2391
303 2234
303 2170
303 2923
304 1258
304 2538
304 2843
305 2733
305 1244
305 1251
305 2930
305 932
306 549
306 1635
306 1022
306 2076
306 1453
307 1087
307 1246
307 1851
308 2842
308 2110
308 2419
308 480
308 1903
308 442
308 314
309 927
309 586
309 2504
309 1191
309 2506
310 2121
310 499
310 2355
310 495
310 398
310 2156
311 1602
311 1937
311 999
311 2231
311 2132
311 428
312 1538
312 1776
312 1991
312 2142
313 1185
313 1994
313 1443
314 959
314 762
314 2738
314 2309
314 982
315 1054
315 2745
315 1982
316 1390
316 792
316 1401
316 627
317 777
317 1894
317 2410
317 900
317 793
318 524
318 2291
318 973
318 2416
319 1965
319 810
319 1487
320 2697
320 2518
320 2816
320 936
321 2953
321 652
321 1330
321 1979
321 2263
322 609
322 2734
323 515
323 1246
323 1595
323 2136
323 2817
323 2952
324 2645
324 673
324 429
324 2059
324 2665
324 1549
325 560
325 1405
325 1963
325 2643
325 2732
325 2275
326 597
326 605
326 2265
326 1891
327 1822
327 828
327 2538
327 961
327 1369
328 1281
328 2989
328 1156
329 2339
329 340
329 353
329 449
330 2552
330 2649
330 1452
330 468
331 1641
331 1879
331 2897
331 2458
331 1203
332 2122
332 900
332 2032
332 971
332 1474
332 2256
332 2408
333 1062
333 821
333 1880
333 813
334 756
334 2879
334 2990
334 840
334 1968
334 2948
335 1422
335 2390
335 1744
335 691
336 364
336 1366
336 383
337 2948
337 2722
337 749
337 2557
338 2566
338 2538
339 2221
339 1304
339 675
339 1004
340 754
340 1037
340 2804
340 2934
340 963
341 1168
341 2733
341 1159
342 2737
342 1757
343 2763
343 816
343 1814
344 2669
344 1135
344 1313
344 2378
344 1504
345 1652
345 1789
345 2835
345 2336
345 1718
345 2707
345 2839
345 345
345 2458
346 2150
346 1162
346 899
346 968
346 643
347 2560
347 2915
347 2900
347 2358
347 2462
348 1101
348 623
348 2713
348 2902
349 1128
349 1226
349 775
349 817
349 2120
350 2570
350 568
350 1970
350 1897
350 396
351 1579
351 1806
351 2600
351 2098
351 1999
351 659
351 1520
351 2341
351 2687
351 2794
352 1611
352 1042
352 1037
352 384
352 2953
353 1055
353 2342
354 2121
354 1739
354 909
355 2244
355 2877
356 847
356 1445
356 2293
356 973
357 1886
357 2008
357 984
357 1913
357 524
358 2595
358 587
358 1659
358 827
358 2404
359 2317
359 2962
359 1400
359 1922
360 561
360 2445
360 901
360 1957
361 2780
361 912
361 361
361 934
362 2143
362 1129
362 1232
362 2338
363 1788
363 2374
363 1059
363 1323
363 1595
364 2584
364 1472
364 2030
365 579
365 2570
365 995
366 2053
366 1217
366 1227
366 1938
367 1108
367 1199
367 1972
368 468
368 2924
368 2263
368 1693
369 1709
369 916
369 1017
370 1045
370 538
370 2974
371 1652
371 1696
371 1367
372 2798
372 2229
372 1420
372 1916
372 1941
373 2815
373 1020
373 869
373 2401
374 1169
374 2563
374 1397
375 659
375 2253
375 878
375 2541
375 1843
376 1557
376 848
376 2484
376 2888
376 579
376 440
376 2630
376 511
377 818
377 537
377 1239
377 1281
377 509
378 2188
378 548
378 1536
379 2459
379 2114
379 2285
379 2332
380 2072
380 2626
380 1753
381 1124
381 1176
382 2813
382 2190
382 2739
382 2426
383 1657
383 2654
384 513
384 1800
384 802
384 559
384 2879
384 2291
384 849
384 2473
385 1855
385 1255
385 716
385 2230
385 1722
385 1527
385 2548
386 2409
386 1739
386 2476
386 1650
387 617
387 2431
387 1187
387 2961
387 1959
387 473
387 2035
388 741
388 1838
388 894
389 2359
389 1503
390 1125
390 2213
391 558
391 874
391 1659
392 2654
392 543
392 1973
392 492
392 1786
392 2444
393 1381
393 438
393 2461
393 509
394 2649
394 2221
394 2822
395 1777
395 760
396 1867
396 544
396 1970
396 1386
396 1535
397 2638
397 2696
397 2521
397 2429
397 1150
397 1148
398 1177
398 866
399 1541
399 1369
399 996
399 470
400 1582
400 1586
400 752
401 2809
401 2886
401 1255
402 1235
402 975
403 1029
403 1804
403 816
404 459
404 747
404 2312
405 1085
405 1033
405 484
405 1479
405 1433
405 2523
406 941
406 2079
406 1440
407 1287
407 972
407 1377
407 2719
408 560
408 2939
408 2809
408 1460
409 2738
409 1226
409 1981
410 809
410 1820
410 1776
410 871
411 2039
411 2909
411 1211
411 633
411 1869
411 2422
412 2144
412 951
412 1406
412 859
412 2901
412 597
412 2352
412 960
413 710
413 850
413 913
414 1332
414 2259
414 1014
414 996
415 2053
415 1105
415 2658
415 2680
415 1160
415 2746
416 816
416 2440
416 2871
416 2553
417 2652
417 2252
417 1602
417 2621
418 668
418 899
418 2535
419 584
419 1106
419 1361
419 1716
420 2199
420 1038
420 1114
420 1796
420 2825
420 782
420 921
420 2469
421 2211
421 1404
421 1017
421 464
422 747
422 1863
423 1041
423 2587
423 2894
423 2625
423 2761
423 2438
423 1817
424 548
424 1570
424 1842
424 1378
424 1006
424 1506
425 805
425 2845
425 479
425 508
426 685
426 1677
427 2805
427 1841
427 807
428 2263
429 2712
429 1388
430 1038
430 823
430 2169
431 2596
431 1582
431 2238
431 2478
431 1997
432 1182
433 2268
433 2910
433 1836
433 1142
434 1357
434 1655
434 441
434 1571
434 2164
435 2567
435 548
435 2755
435 2052
435 2904
436 881
436 2829
436 1196
436 1759
437 2385
437 1655
437 2061
437 472
437 459
438 2069
438 2152
438 600
438 2262
439 1594
439 583
439 678
440 1447
440 2484
440 1534
440 2868
440 674
441 2117
441 2144
441 1980
442 1850
442 869
442 948
442 2819
442 1796
442 2820
443 2101
443 1138
443 782
444 2606
444 497
444 2431
445 1247
445 1215
445 2327
446 2078
446 677
446 2246
446 862
447 1617
447 2855
447 902
447 727
448 2104
448 1799
448 871
448 902
449 1761
449 2205
450 516
450 1121
450 1173
450 2207
451 1556
451 1574
451 2860
451 2377
452 1607
452 748
452 837
452 2900
452 1580
453 2438
453 2470
453 2924
453 910
453 1398
454 1128
454 2273
454 1818
455 1187
455 905
455 2978
455 1996
456 1531
456 2158
456 1128
456 2367
457 1536
457 2069
457 825
457 1944
458 2654
458 2007
459 512
459 2586
459 597
460 724
460 1241
461 2148
461 483
461 1703
461 1644
461 849
462 2082
462 1113
462 954
463 2120
463 938
463 1146
464 2042
464 2627
465 577
465 2120
465 2137
466 2556
466 2285
466 1843
466 2513
466 1157
466 2511
466 2113
466 1632
466 1457
466 2526
466 2541
467 527
467 1601
467 1506
467 2540
468 1334
468 1813
468 1015
468 1782
468 919
468 1004
469 581
469 882
469 2327
470 1929
470 2780
471 2057
471 1604
471 2188
472 2615
472 845
473 2438
473 2631
473 2168
474 1178
474 2451
474 2626
474 2436
474 2206
474 515
474 2982
474 1570
474 1246
474 2506
474 1127
474 1086
474 582
475 550
475 1417
475 1471
475 1366
475 2930
476 2568
476 2310
477 1106
477 2363
477 1360
478 780
478 1413
478 765
479 1033
479 2066
480 1411
480 1264
481 1608
481 1779
481 949
482 599
482 632
482 697
482 1273
482 2060
483 2198
483 1823
484 2526
484 2529
485 2940
485 1608
485 2501
486 1105
486 2152
486 654
486 2550
487 625
487 1562
487 1147
487 2832
488 1293
488 2927
488 1364
488 1862
489 1234
489 1907
489 2224
489 2275
489 1829
489 2441
489 943
490 1101
490 2800
490 2300
491 2758
491 1636
491 2714
492 2990
492 774
493 2107
493 1536
493 1595
494 1882
494 587
494 874
494 1509
495 1839
495 1305
495 1421
495 2457
495 816
496 2334
496 2398
496 1984
496 2536
497 2601
497 1606
497 680
497 2468
498 2392
498 2932
498 504
499 1305
499 1921
500 1171
500 2207
500 715
501 1159
501 749
501 1193
502 2632
502 2659
502 1215
503 1365
503 793
503 503
504 2835
505 2103
505 683
505 1341
506 1191
506 744
506 2526
506 627
506 1231
506 938
506 2541
506 2108
506 2465
506 1785
507 842
507 2965
507 1522
508 938
509 719
509 2315
509 2869
509 605
509 1859
509 2403
510 574
510 640
510 2467
510 987
510 859
511 1093
511 1438
511 2482
512 2024
512 1526
512 2472
512 2117
512 2385
512 1355
512 1936
512 2387
512 1221
513 1851
513 1348
513 1112
514 1964
514 2353
514 1877
514 1947
515 2349
515 1851
515 718
516 1388
516 2184
516 1596
516 2753
516 519
517 2588
517 2132
517 618
517 1053
517 1358
517 1882
517 2489
518 1587
518 2589
518 874
518 2556
519 2581
519 1446
519 1985
519 2314
519 1195
519 2028
519 2041
519 1509
520 733
520 916
520 873
520 2180
520 1675
520 886
521 1511
521 2614
521 1849
521 2182
521 1954
522 1546
522 903
522 2041
522 1036
522 2576
522 1146
523 1346
523 1640
523 1812
524 559
524 2821
524 1005
524 1097
524 1277
524 1516
524 2668
524 1790
524 2584
524 1691
524 1348
525 817
525 1600
525 1173
526 1252
526 1263
526 1132
526 1650
527 1289
527 1371
527 2775
527 2540
528 1736
528 2492
528 2057
528 955
528 986
528 1080
529 2670
529 1924
529 776
529 1643
529 1829
529 1048
529 2637
530 1742
530 1597
530 994
530 2068
530 1976
530 2495
531 676
531 644
531 2901
532 1604
532 1694
532 1512
532 2759
533 1334
533 2166
533 2293
533 967
533 2898
533 2914
533 1006
534 2763
534 2454
534 2532
534 1628
535 1228
535 2075
535 1555
536 1025
536 2802
536 687
536 588
536 1233
536 1260
537 797
537 1182
538 1425
538 2536
538 2771
538 1294
538 1573
539 1772
539 2058
539 1166
539 545
539 1597
539 1812
539 2495
540 2064
540 949
540 542
540 1640
541 1708
541 1552
541 571
541 2234
542 1044
542 1545
542 2064
542 2246
543 2649
543 835
543 1031
543 1326
543 2473
544 1549
544 1765
544 1603
544 2469
544 2658
545 545
545 2344
546 2815
546 1034
546 1048
546 615
546 631
546 1256
546 1787
546 1669
547 547
547 1922
547 2840
547 1866
547 1755
548 2434
548 2744
548 2394
548 2399
548 2952
549 1100
549 1396
549 1964
549 1090
549 2759
550 2413
550 1689
550 1466
550 718
550 1206
550 2480
550 2901
550 2638
550 2114
550 2165
550 659
550 1484
551 1033
551 553
551 2489
552 615
552 2985
553 1778
553 2845
553 1909
554 2072
554 2217
554 2036
555 1537
555 1687
555 1110
555 1078
555 2111
555 2204
555 1373
556 2028
556 1715
556 657
556 596
557 1058
557 977
557 1252
557 2644
557 1823
558 604
558 1050
558 2210
558 2537
558 2803
559 2828
559 1112
559 2620
559 2691
559 2879
560 1102
560 2470
560 2490
561 2931
561 1320
561 1188
561 619
561 1288
561 2840
561 1498
562 2232
562 2994
562 2823
562 2918
563 1436
563 615
563 1134
563 1787
563 2550
564 1336
564 810
564 2604
564 2662
564 1239
564 2869
565 642
565 1763
565 1880
565 1613
565 1116
565 2340
566 1945
566 566
566 1720
566 990
567 761
567 2174
567 1640
567 1480
567 1496
568 1417
568 2563
568 1951
569 1555
569 994
569 641
569 2617
569 2660
570 1564
570 1070
570 1710
570 2153
570 1356
570 1172
570 2551
571 2779
571 1590
571 1065
571 1476
571 654
571 1644
571 1687
571 1341
572 1591
572 2164
572 1580
572 657
572 1260
572 1132
573 1396
573 2786
573 1635
573 697
573 1511
573 2555
574 1803
574 750
574 2369
574 1654
575 1097
575 973
575 2971
575 607
575 1856
576 2034
576 1614
576 1218
576 1771
576 1412
577 2576
577 2382
578 1547
578 1041
578 2587
578 2923
579 1944
579 2875
579 626
579 2251
579 2911
580 2059
580 2254
580 1195
580 817
581 621
581 1928
581 2172
582 1086
582 2633
582 2131
582 2489
582 2013
583 1625
583 1189
583 1009
583 1544
583 719
584 2294
584 2671
585 2583
585 1703
585 2153
586 1595
586 1528
586 1385
586 1671
586 831
586 2436
586 2952
587 2471
587 2159
587 1144
588 1069
588 1985
589 2446
589 2814
589 1140
590 1828
590 1610
590 1256
591 2414
591 1406
591 2385
591 597
591 1396
592 2619
592 1532
592 1703
592 2583
592 2373
592 1481
592 917
593 2330
593 2711
593 2130
594 1039
594 1166
594 1514
594 1006
595 1810
595 665
595 1034
595 2663
595 1764
595 2647
595 2499
595 2012
595 1239
596 2872
596 2111
596 2204
597 2600
597 2433
597 2994
597 1579
597 2585
597 1526
597 2941
597 1467
598 2108
598 2993
598 1033
599 1627
599 1694
600 1896
600 1237
601 1590
601 616
602 2040
602 2986
602 1991
603 732
603 2642
603 865
604 2589
604 2595
604 2064
604 2404
604 888
605 812
605 931
605 2274
605 1305
605 1335
606 965
606 1403
606 1939
607 2080
607 2169
607 1437
607 1500
607 2554
608 2109
608 2165
608 2475
608 1313
608 1872
608 1908
609 2519
609 1954
609 2210
609 2404
610 1184
610 2682
610 1636
610 1653
610 1723
611 2637
611 783
611 2951
611 1241
611 2499
612 2144
612 626
612 2105
612 1496
613 2126
613 1036
613 2814
613 1051
614 2311
614 2147
614 899
615 635
615 1834
615 1424
615 2129
615 1692
615 2464
615 2020
615 1287
615 2951
615 2665
615 1852
615 1380
615 2680
615 1256
615 2383
615 2012
615 2267
616 1070
616 2019
616 1669
616 2204
617 2601
617 1965
617 2393
617 1147
617 940
618 2131
618 1578
618 1612
618 2237
618 634
619 1574
619 1188
619 1339
619 1592
619 1602
619 1260
620 2529
620 2592
620 2264
620 682
620 1011
620 2426
621 2378
622 1052
622 2925
622 1651
622 2014
623 2202
623 653
623 1331
624 1599
624 1633
624 2318
624 2750
624 2706
624 2241
624 881
624 2614
625 2419
625 2374
625 1819
625 1482
626 682
626 2729
626 1812
627 2112
627 2120
627 2114
627 2935
627 2489
628 2129
628 705
628 2294
628 1774
629 1606
629 1394
629 1720
629 2894
630 2730
630 1877
630 2890
630 1710
630 1717
630 1338
631 2623
631 2687
631 1363
631 2550
632 2617
632 641
632 2569
632 1273
633 1162
633 1501
633 2016
633 2347
634 1144
634 2685
634 1659
634 1882
634 2565
634 1115
634 2006
634 2347
634 1358
635 1117
635 2048
635 2623
636 671
636 2642
636 2606
636 2486
636 1460
637 2722
637 1221
637 1693
638 1191
638 1721
638 1018
638 2738
638 1164
639 1084
639 2797
639 2716
639 1273
640 1138
640 1027
640 2837
640 2382
641 1273
641 1812
642 911
642 1733
642 1750
642 2808
642 781
642 1822
643 873
643 2955
643 2765
644 2414
644 1999
644 2395
644 2521
645 1434
645 1810
645 1198
646 1636
646 1751
646 2535
646 1974
647 2699
647 1323
647 1212
647 1695
648 1318
648 2824
648 822
648 982
648 1035
648 1974
649 976
649 937
650 1652
650 1789
650 1311
650 2510
651 2201
651 2292
651 746
652 720
652 769
652 2827
653 2550
653 2240
653 1562
654 2991
654 2048
655 753
655 1760
655 1685
655 1636
655 1179
655 2969
656 2600
656 1417
656 1949
657 1644
657 1319
658 1554
658 2069
658 831
659 1971
659 2387
659 2530
660 2316
660 1397
660 1784
660 2341
661 1336
661 1749
661 2415
661 1449
662 2851
662 1580
662 1591
662 2298
662 2801
662 730
662 1654
662 1220
663 1571
663 1607
663 1453
664 2064
664 1228
665 2193
666 2966
666 2519
666 1459
666 1990
666 853
667 2288
667 1904
667 717
667 2222
667 1864
668 2326
668 1318
668 1676
668 914
668 2234
668 1719
669 2015
669 2116
670 2123
670 1470
670 2289
671 1038
671 1007
671 2283
671 2296
671 1301
671 1399
671 890
671 2010
672 2682
672 2138
672 1010
673 2155
673 2252
674 2053
674 1216
674 885
674 1692
675 1262
675 2957
675 1230
675 1328
676 1579
676 993
676 1206
677 1396
677 1683
677 1090
677 1009
677 1455
678 1615
678 2188
678 818
678 2344
678 1276
678 1022
679 1834
680 1103
680 2625
680 1236
680 2252
681 814
681 714
681 911
681 789
682 2058
682 2075
682 1084
682 2549
682 2357
682 721
683 1132
683 2204
683 1503
683 856
684 1693
684 2450
684 1354
685 1665
685 2450
685 1672
685 2693
685 2844
686 1471
686 2074
686 2741
686 2335
687 2146
687 2516
688 1062
688 1898
688 688
688 1807
688 2435
688 2539
689 2738
689 2791
689 2947
689 700
690 2168
690 2607
690 1533
690 719
690 930
690 768
691 1620
691 2669
691 1925
692 2221
692 1474
692 2706
692 695
692 824
692 2350
693 1898
693 1622
693 2362
693 2465
693 2781
693 2307
693 1932
693 1085
694 1708
694 1162
694 2722
694 1676
694 2347
694 2701
695 2957
695 1919
695 2552
695 1262
695 1304
696 824
696 712
696 2999
696 2037
696 1334
696 1452
696 2509
697 1061
698 2005
698 1685
698 1882
699 2083
699 2216
699 1266
699 2288
699 1284
699 1288
699 1826
699 2477
700 1857
700 2907
700 1904
701 2974
701 2753
701 1184
701 2838
701 1875
702 2120
702 2265
702 2427
702 2541
703 2928
703 1860
703 924
703 891
703 1144
703 1133
703 807
703 1841
703 895
704 1065
704 2619
704 1745
704 1680
705 1617
705 2664
706 2130
706 2356
706 1329
706 2465
707 1875
707 753
708 2239
708 1457
708 2083
708 2326
709 1765
709 2946
709 935
710 2260
710 2859
710 2882
711 1230
711 2300
711 1793
711 2902
712 1756
712 2410
713 2631
713 1766
713 2438
713 729
714 2503
714 1852
715 1053
715 1104
715 1439
715 974
715 2249
715 1630
715 869
716 1136
716 2191
716 2167
716 1338
716 2773
716 1255
716 1879
716 2557
717 1186
717 1723
718 2385
718 2941
719 2096
719 2986
720 2989
720 1829
720 1319
720 1868
720 936
721 2068
721 721
722 1559
722 1703
722 1584
723 869
723 2074
723 1222
723 1221
723 2326
724 1810
724 2383
724 1168
725 979
725 2745
725 2756
725 2368
726 798
726 2546
726 2008
726 1886
726 2442
727 2628
727 2579
727 836
727 758
727 2757
728 2770
728 1754
729 2476
729 1024
729 2523
730 2899
730 1575
730 2204
730 2925
731 1598
731 1215
731 1711
731 785
731 2370
732 1921
732 735
732 1782
732 2962
732 2745
732 1217
732 777
733 2448
733 1923
734 1732
734 1777
734 1520
735 1119
735 2053
735 2745
736 2467
736 1183
736 1759
737 1596
737 2184
737 1296
737 2155
737 1743
737 1915
737 1465
738 1099
738 1119
738 1010
739 2585
739 1561
739 1467
739 753
740 2573
740 1990
740 2787
741 2776
741 1892
741 1712
741 1104
741 763
741 1373
741 2525
742 1709
742 1945
743 2604
743 1253
743 1891
744 1443
745 1712
745 1244
745 1212
745 1192
745 2052
745 1947
746 2514
746 2848
747 1242
747 1328
747 2841
748 2563
748 1765
749 2225
749 1238
750 1301
751 2155
751 2231
751 2295
751 1538
751 1292
752 2686
752 2632
753 1917
754 2258
754 2813
754 915
754 2912
754 2999
754 2844
755 2733
755 1764
756 1800
756 1973
757 1153
757 2278
757 1964
757 2890
758 1619
758 1260
758 1286
759 864
759 896
759 1301
759 2980
759 2101
759 2422
759 2940
760 2572
760 1732
760 2831
761 1554
761 2725
762 846
762 763
762 1933
763 892
763 1821
764 2247
764 1521
764 880
764 1891
765 1467
765 1240
766 2270
766 1774
766 1731
767 1724
767 2046
767 2376
767 1728
767 2776
767 1948
767 1858
768 2485
768 816
768 1233
768 2259
768 1374
769 1137
769 849
769 2904
770 2390
770 2094
770 1645
770 1260
770 1279
771 2338
771 2135
771 2082
771 1760
772 1118
772 1676
773 2281
773 1777
773 1732
773 2515
773 1710
773 862
773 1907
774 1437
774 2968
775 1186
775 1184
776 2383
776 1161
776 2616
776 2499
776 2143
777 1894
777 2053
777 2674
777 1304
778 797
778 941
778 2582
778 2345
779 2445
779 2866
779 897
779 980
780 1368
780 2437
780 780
780 1015
780 1813
780 1004
781 1854
781 1369
781 2874
781 912
781 2975
781 2458
782 1837
782 1654
782 2896
783 2658
783 2508
783 2383
784 2002
784 2525
784 1838
785 1339
786 2671
786 2242
786 2956
786 1993
787 1679
787 2228
787 2432
787 1927
788 1880
788 2239
788 1639
788 2863
788 1879
788 2933
789 1234
789 1337
790 1617
790 2823
790 1574
791 895
791 1199
791 2242
792 2158
792 1977
792 1412
793 2803
793 1682
793 2932
793 2535
794 1158
794 1932
795 2143
795 1207
795 1876
795 845
795 1001
796 878
796 1332
796 1895
797 2604
797 1839
798 2799
798 879
798 1361
798 2977
799 2819
799 1389
799 1654
799 2940
800 2719
800 2309
800 883
800 1974
801 1115
801 1632
801 2685
801 2893
802 2584
802 1408
803 829
803 1116
803 1647
803 920
804 1575
804 2180
804 1023
805 2814
805 1941
805 2622
806 2597
806 1679
806 1244
806 1836
807 1402
807 1968
807 2556
808 2648
808 2287
808 1483
809 1594
809 1180
809 2946
810 1440
810 931
810 2325
810 2031
810 2359
811 1581
811 2361
811 1330
811 1000
812 2637
812 1278
812 1839
813 1115
813 2588
813 2006
813 1105
814 2220
814 2963
814 1400
815 1922
815 2236
815 2412
815 2853
816 1282
816 1822
816 2316
816 2701
816 2928
817 1540
817 2391
818 2555
819 2476
819 1525
819 1250
820 1282
820 1804
820 2257
820 2441
821 2257
821 2145
821 985
821 2545
821 2746
822 1120
822 2278
823 2139
823 1138
824 2828
825 1536
825 2072
825 829
825 2952
826 1195
826 1641
826 1670
826 1175
826 2415
827 1126
827 2210
827 1370
827 2404
828 1116
828 1953
828 2054
828 2538
829 2394
829 2073
829 1914
829 2540
829 1162
830 2315
830 2274
830 831
830 2914
830 1487
831 1127
832 2522
832 2796
832 2134
832 1369
833 2054
833 2364
833 2690
834 1026
834 2648
834 2207
834 1286
834 1948
835 1037
835 1798
835 2030
836 2581
836 2391
836 1815
837 1047
837 1427
838 1625
838 1148
838 2016
839 2565
839 2614
839 1820
839 1709
840 998
840 1042
840 1634
840 2806
840 2291
840 2691
840 1375
840 2030
841 1624
841 2542
841 1438
841 1897
841 2960
842 1805
842 1522
843 2717
843 1251
843 1315
844 1123
844 1639
844 2178
845 1384
845 2900
846 2815
846 2083
846 2046
847 1037
847 1847
847 2037
848 2357
848 1019
849 2102
850 2816
850 2284
850 2934
850 2441
850 913
851 1734
851 1748
851 1799
851 1356
851 2313
852 1148
852 2223
852 1380
853 2127
853 2944
854 2880
854 1125
854 2666
854 1269
854 1613
855 2966
855 2564
855 2943
855 2944
856 2404
856 2198
857 1850
857 921
857 1324
858 1349
858 2181
858 1214
859 1861
859 2119
859 2098
860 1032
860 1150
860 1448
860 1455
860 1308
860 1766
860 1187
860 1546
860 947
861 1750
861 1953
861 2397
862 1314
862 1525
863 2994
863 1227
863 1530
863 2522
864 2636
864 1324
864 2382
865 1103
865 2650
866 2954
866 1937
867 2191
867 1665
867 1165
867 2535
868 2808
868 2183
868 1029
868 2145
869 1027
869 1931
870 2095
870 2062
870 2979
870 1738
870 2505
871 901
871 1284
871 895
872 1732
872 2811
873 1752
873 1412
873 2481
874 2159
874 2370
875 2251
875 1558
875 2539
875 954
876 2345
876 956
876 2831
876 893
876 1262
876 2515
877 1248
877 1262
877 1813
877 1470
878 2253
878 2480
878 1655
878 2931
879 2920
880 1485
880 1896
881 1704
881 2109
882 2297
882 2362
883 2248
883 2824
884 1032
884 884
884 2438
885 2552
885 1938
885 911
885 1452
886 2577
886 1073
887 2053
887 1197
887 1464
887 2437
888 1016
888 2595
888 1459
889 1041
889 1187
889 2892
890 2940
891 2655
891 2404
891 2556
893 1896
893 2914
894 1706
894 1002
894 1510
895 1664
896 2634
896 1662
896 2258
897 1731
897 2844
897 2860
897 1947
897 2281
898 2258
898 2220
898 919
898 1801
898 2996
899 2769
900 2093
900 1830
900 944
901 2799
901 1003
902 2903
902 1108
902 2507
903 1422
904 2301
904 2147
904 2678
904 1817
904 2463
905 2972
906 1536
906 2076
906 1087
906 1528
907 2435
907 2762
907 1701
907 1089
907 1769
908 1923
908 2532
908 1450
908 1563
909 1485
909 1960
910 2384
910 2211
910 2448
910 1315
911 1723
912 1647
913 2992
913 2180
914 2673
914 2773
915 1372
915 2047
916 2630
917 1168
917 2422
917 2789
918 2067
918 1140
918 2126
918 1433
919 2122
919 2745
919 1773
920 1026
920 1049
920 2306
921 2010
922 1547
922 2686
922 1091
923 1152
923 1205
923 1884
924 2182
924 1587
924 1524
925 1865
925 2921
925 2436
925 1079
925 1400
926 1138
926 2891
926 1389
926 1027
926 2157
927 1554
927 1673
927 1771
927 1967
928 2224
928 2441
928 2205
929 2009
929 2910
929 1679
929 1522
930 1565
930 2057
930 1512
931 2582
931 2409
931 2954
931 2726
932 1836
932 2268
933 2778
933 2263
933 2295
933 2857
934 2397
934 1932
935 2051
935 2570
935 1558
935 1593
936 1137
937 1747
937 937
938 2120
938 2790
939 2978
939 1959
939 1150
939 1760
940 2809
940 1150
941 1379
942 1206
942 2751
942 2994
942 2479
943 2187
944 2822
944 2510
944 1494
944 946
945 1047
945 1607
945 1811
945 2878
945 2408
946 2162
947 1103
947 2497
948 1902
949 2612
949 2772
950 2638
950 2395
950 1466
950 2265
951 2061
951 2949
951 1471
952 2561
952 1930
952 1348
953 2070
954 1863
954 2059
954 1049
954 2207
954 1279
954 2295
954 954
954 2483
954 2523
955 2235
955 2840
955 2363
956 1583
956 2315
956 2461
957 1557
957 2469
958 1069
958 1465
958 1129
959 2045
959 1274
959 1966
960 1387
960 2600
960 1206
960 2387
960 1417
960 2045
960 1261
960 1530
961 1694
961 2599
961 2437
962 2713
962 2244
962 2827
963 2399
964 2453
964 2605
964 1054
965 2701
965 2429
965 2167
966 2748
966 1052
967 2561
967 1798
968 2911
968 2725
968 1404
969 1208
969 2320
969 1055
969 2362
970 1202
970 2661
970 2684
971 2781
971 1321
971 1328
972 2581
974 1688
974 2207
974 2252
974 1762
975 2745
975 2962
976 2353
976 2005
977 2198
977 1519
978 1628
978 2702
978 2481
979 1897
979 1427
979 1099
979 2388
979 2929
980 2855
980 1574
980 2456
981 2736
981 1972
981 1845
982 2772
982 1797
983 2380
983 2944
983 2537
983 2541
983 1148
984 2977
984 2239
985 2056
985 1062
985 1063
985 2566
985 2808
985 2996
986 2647
987 2815
987 2825
988 2787
988 2091
988 1597
989 1181
989 1967
990 1045
990 1684
990 1700
990 1412
990 2093
991 1564
991 2204
991 2099
991 2551
992 2138
992 2158
992 1864
992 2655
993 2778
993 1357
993 2027
994 2068
995 1539
995 2946
996 1952
996 2397
996 1258
996 1429
996 1063
996 1880
996 1116
996 2792
996 1618
997 2729
997 1812
997 2246
997 2549
998 1589
998 2195
998 2449
999 1151
999 2231
999 2269
999 2830
1000 2284
1000 1829
1000 2737
1000 1388
1001 2059
1002 1461
1003 1181
1003 1967
1004 2424
1004 1422
1004 2032
1004 1328
1004 2806
1004 2825
1005 2277
1005 1500
1006 1031
1006 1611
1006 1366
1007 2283
1007 2524
1008 2893
1008 1367
1009 1605
1009 1042
1010 1128
1010 2273
1011 1726
1011 2725
1012 2396
1012 1294
1012 2377
1013 2110
1013 2296
1013 2524
1014 1929
1014 1543
1015 1782
1015 1049
1016 1082
1016 1402
1016 2944
1017 2627
1017 1021
1018 2865
1018 1401
1019 2049
1019 2542
1019 2469
1019 1549
1019 1119
1019 1640
1019 1783
1020 1662
1020 1342
1021 1078
1021 1710
1021 1737
1021 1807
1022 1030
1022 1682
1022 2492
1022 1635
1022 2245
1022 1511
1022 1968
1022 1749
1023 2190
1023 1299
1023 2934
1023 1475
1024 1231
1024 2017
1024 1656
1024 2698
1024 2265
1024 1433
1025 2207
1025 1049
1025 1053
1026 2785
1027 1072
1027 2636
1027 2825
1027 2721
1027 2139
1027 1846
1027 2896
1028 1540
1028 1592
1028 2263
1028 1944
1028 1887
1028 2526
1029 1784
1029 1491
1029 1397
1030 2199
1030 1396
1031 1442
1031 2828
1031 2691
1032 2494
1032 2667
1033 1122
1033 1387
1034 1536
1034 2142
1034 2023
1034 1161
1034 1256
1035 2598
1035 2871
1035 1429
1036 1036
1036 1231
1036 2639
1036 1162
1036 2576
1036 2126
1036 2646
1036 1844
1036 2523
1037 2291
1037 2166
1037 1083
1037 1345
1037 1408
1037 2990
1038 1819
1038 1848
1038 1854
1038 1342
1039 2640
1039 2716
1039 1273
1039 1988
1040 1585
1040 1113
1040 2665
1040 2747
1040 2958
1040 2306
1040 2343
1040 1476
1040 1490
1041 1051
1041 2891
1042 2700
1042 1800
1042 1798
1043 1595
1043 1495
1043 1753
1043 2572
1043 1685
1044 2136
1044 2744
1044 2084
1044 2436
1044 1705
1044 2504
1044 2366
1044 2076
1044 2952
1045 2926
1046 2579
1046 1088
1046 2628
1046 2800
1046 2498
1047 2124
1048 2754
1048 1256
1050 2589
1050 1402
1050 2641
1050 2471
1051 2761
1051 1381
1051 1187
1051 2259
1051 1107
1052 2448
1052 2022
1052 1548
1052 1137
1052 1463
1053 2008
1053 2094
1053 1151
1053 1279
1054 2044
1054 2312
1054 1462
1055 1741
1055 2342
1055 2442
1056 2963
1056 1942
1056 2813
1056 2956
1057 2121
1057 2513
1057 2541
1057 2526
1058 1575
1058 1680
1059 1325
1059 1848
1059 1392
1059 1423
1060 1694
1060 2688
1060 1114
1060 1180
1060 1204
1060 2759
1060 2894
1060 2516
1061 2174
1061 2573
1061 2264
1062 1572
1062 1763
1062 2867
1062 1746
1062 1303
1062 1978
1063 1332
1063 1961
1063 1901
1063 1258
1064 2087
1064 1825
1064 1393
1065 2298
1065 2916
1065 2204
1066 1533
1066 2488
1066 2618
1066 2123
1066 1649
1066 2492
1067 1067
1067 2917
1067 2708
1067 1299
1068 1117
1068 2584
1068 2985
1069 2603
1069 1658
1069 1678
1070 2198
1070 2019
1070 2234
1070 2687
1070 2148
1070 1141
1070 2204
1071 1188
1071 2104
1071 1141
1072 2923
1072 2967
1073 2577
1073 2593
1073 1548
1073 2765
1073 2481
1074 2499
1074 2561
1074 1148
1074 2828
1074 2007
1075 2693
1075 1835
1075 1973
1075 1155
1076 1499
1076 1418
1076 2304
1076 1471
1077 2070
1077 1125
1077 1657
1077 1486
1078 1766
1078 1568
1078 2099
1078 1481
1078 2153
1078 1921
1078 2619
1078 2198
1078 2742
1079 2608
1079 1538
1079 2478
1080 1506
1080 1601
1080 2840
1080 1591
1081 2055
1081 1916
1081 1514
1082 1968
1082 2938
1082 2277
1082 1885
1083 2166
1083 1943
1083 1472
1083 2487
1083 1611
1084 1488
1084 2660
1085 1546
1085 1844
1085 2790
1085 2489
1085 2013
1086 1909
1086 2976
1086 1142
1086 1637
1086 2646
1086 1843
1088 1997
1088 2665
1088 1416
1088 1439
1088 2878
1088 2155
1089 2379
1089 2740
1089 1704
1089 2214
1090 2610
1090 2936
1091 1674
1091 2775
1091 2130
1091 1529
1091 2115
1092 2084
1092 1601
1092 1874
1093 2868
1093 2411
1093 1720
1094 2356
1094 2327
1094 2672
1094 1868
1094 2629
1094 2125
1094 1622
1095 2304
1095 2413
1095 2683
1096 2878
1096 1192
1096 1698
1097 2110
1097 1285
1097 2937
1098 1550
1098 2162
1098 2089
1098 1273
1099 2090
1099 1571
1099 1139
1100 1577
1101 1808
1102 2195
1102 2497
1102 2743
1103 2601
1104 2059
1104 1600
1104 2628
1105 2687
1105 2720
1105 1787
1106 2074
1106 2396
1106 1786
1106 2840
1106 1972
1106 2445
1106 1309
1106 2466
1107 2431
1107 1527
1108 1294
1108 2286
1108 1972
1108 2526
1109 1554
1109 2580
1109 2666
1109 2887
1109 2073
1109 2951
1109 1353
1110 2234
1111 1217
1111 2266
1111 1214
1111 1837
1111 2190
1112 2166
1113 1623
1113 1458
1114 2709
1115 2589
1116 1258
1116 2358
1117 1342
1117 2649
1117 1497
1117 1773
1117 1444
1117 1372
1117 1248
1117 1921
1117 2813
1118 2161
1118 2901
1119 2051
1119 2484
1119 1897
1120 1318
1120 1157
1121 1645
1121 1377
1121 2760
1121 1398
1122 2120
1122 2137
1123 1869
1123 1835
1123 1228
1123 1317
1124 2719
1124 2288
1124 1818
1124 2443
1124 2998
1125 1595
1125 2887
1125 2755
1126 2685
1126 2471
1127 1570
1127 1378
1127 2887
1129 2581
1129 2306
1129 1645
1129 2295
1129 1483
1129 2800
1130 1618
1130 2658
1130 1810
1131 2612
1131 1480
1131 1514
1133 2571
1133 2607
1133 2096
1133 1432
1133 2156
1133 1204
1134 2658
1134 1692
1134 1955
1136 1672
1136 2032
1136 2863
1137 1761
1137 1214
1137 1700
1138 2467
1138 1411
1138 2836
1138 2530
1138 1451
1139 1567
1139 1190
1139 2911
1140 2126
1140 2017
1140 1534
1140 1202
1140 2814
1141 1580
1141 1687
1141 1715
1141 1983
1141 2789
1142 2427
1143 2615
1143 1811
1143 2878
1143 2911
1144 2943
1146 2112
1146 2017
1146 1778
1147 2575
1147 2110
1147 2301
1148 2837
1148 2147
1148 1855
1148 2299
1148 1980
1148 1677
1148 2693
1148 1835
1149 1544
1149 1548
1149 1651
1149 2417
1150 1256
1150 1965
1150 2490
1150 2062
1151 1232
1151 2048
1152 1616
1152 2711
1153 2163
1154 2589
1154 1968
1154 1612
1155 2795
1155 2932
1155 1918
1156 2676
1156 2178
1156 2074
1157 1231
1157 2576
1157 2017
1158 1599
1158 2757
1158 1711
1158 1247
1158 1873
1159 2681
1159 2000
1159 2018
1160 2036
1160 2550
1161 2637
1161 1828
1161 1827
1162 2190
1162 1201
1163 1446
1163 2081
1163 2207
1163 1398
1164 2989
1164 1741
1164 1714
1165 2431
1165 1652
1165 2178
1165 1789
1166 1545
1166 1514
1166 2120
1167 2081
1167 2295
1167 1296
1168 2404
1168 2611
1168 1724
1168 2229
1168 1183
1168 2926
1169 2090
1169 2900
1169 1897
1170 1897
1170 2459
1170 1740
1171 2060
1171 1286
1171 1207
1171 1416
1172 2788
1172 1823
1173 2608
1173 2011
1174 2705
1174 2188
1174 1734
1175 1676
1175 2679
1175 1254
1176 2053
1176 2029
1176 1685
1176 1477
1176 2114
1177 2262
1177 2792
1177 2247
1177 2367
1178 2567
1178 1944
1178 2952
1178 2451
1179 2770
1179 1382
1179 2348
1179 1917
1179 1981
1180 2571
1180 2488
1181 2050
1181 1289
1181 2349
1181 1518
1181 2767
1181 2952
1181 1437
1182 1859
1182 2884
1182 1278
1182 1503
1182 1513
1183 2597
1184 1721
1184 1743
1184 2440
1184 2039
1185 2682
1185 2719
1185 2271
1185 1994
1185 2039
1186 1721
1186 2834
1186 1760
1186 2245
1186 2738
1186 1660
1187 2282
1187 1677
1188 1407
1189 2618
1189 2599
1189 2783
1190 2964
1191 2192
1191 1775
1192 1679
1192 2002
1192 1373
1192 1461
1193 1786
1193 2412
1193 1294
1194 2507
1194 2870
1194 1591
1195 1602
1195 2207
1195 1529
1195 2782
1195 1296
1195 1416
1196 2629
1196 2673
1196 2149
1197 2053
1197 1982
1197 2781
1197 1334
1197 1452
1198 2209
1198 1821
1198 2398
1198 1461
1199 2664
1199 2074
1199 2477
1200 1401
1200 1670
1201 1722
1201 2773
1201 2795
1202 2120
1202 1231
1203 2932
1203 2707
1204 1736
1204 2727
1204 2088
1205 2659
1205 1646
1205 2713
1205 2130
1205 1791
1206 2677
1206 1406
1206 1861
1206 2530
1206 2562
1206 2145
1206 1385
1206 1508
1206 2897
1207 2254
1207 2308
1208 2030
1208 2426
1208 2804
1208 1236
1208 1757
1209 2227
1209 1280
1209 1813
1209 1328
1210 1323
1210 2280
1210 1892
1211 2707
1211 1980
1211 1317
1212 2699
1212 1323
1213 1216
1213 2959
1213 1782
1213 1213
1213 2520
1213 1794
1213 2999
1214 2224
1214 2877
1214 2895
1215 1598
1215 2686
1215 2169
1215 2832
1215 2908
1216 2649
1216 1801
1216 2959
1216 1452
1217 2649
1217 2503
1217 2332
1218 2630
1218 2627
1219 2829
1219 1674
1219 2942
1219 1862
1219 1479
1220 1564
1220 1715
1220 1559
1220 2384
1220 1316
1221 2835
1222 2671
1222 1935
1222 2844
1222 2466
1223 1780
1223 1694
1224 2796
1224 2310
1224 1833
1224 1665
1225 1688
1225 2241
1225 1230
1225 2370
1225 1932
1226 2719
1226 2838
1226 2003
1227 1560
1227 1655
1227 1499
1227 1962
1228 2640
1228 2768
1229 1492
1229 2848
1229 1831
1230 2706
1230 2571
1231 1859
1231 2128
1232 2287
1233 2690
1233 1939
1233 2397
1233 2867
1233 2440
1235 1321
1235 2410
1235 2368
1236 2562
1236 2187
1236 2361
1236 1975
1236 2260
1236 2266
1236 1755
1236 1293
1236 2904
1237 2822
1237 2811
1238 2299
1238 2065
1238 1758
1239 2884
1240 1513
1240 2079
1241 2278
1241 2753
1242 2745
1242 2221
1242 1894
1243 2053
1243 2425
1243 2258
1243 2226
1243 2984
1244 2852
1245 2263
1245 2760
1245 2581
1246 2456
1247 2214
1248 2981
1248 2564
1249 1728
1249 2268
1249 2694
1250 1250
1251 1927
1252 1687
1253 2358
1253 1839
1253 1853
1254 2909
1254 2167
1254 2347
1255 2726
1256 1975
1256 2129
1256 1436
1256 2386
1256 2720
1256 2383
1256 2036
1256 1772
1257 2999
1257 2708
1257 1697
1257 1995
1258 2638
1258 2835
1258 2529
1258 1702
1259 2097
1259 1739
1259 2843
1260 2608
1260 2478
1260 1416
1261 2011
1261 2290
1261 2105
1261 1870
1263 2504
1263 1552
1264 1604
1264 1469
1264 2815
1264 1389
1265 2690
1265 2316
1265 1662
1266 2664
1266 2731
1266 2326
1266 1845
1266 2919
1266 1993
1267 1667
1267 1267
1267 1936
1267 2492
1268 1780
1268 2289
1268 1511
1269 2176
1269 1853
1270 2846
1270 2866
1270 1748
1271 1583
1271 1890
1271 2889
1272 2262
1272 1948
1272 2081
1273 2725
1273 2174
1273 2612
1273 1730
1273 2055
1273 2501
1273 2064
1273 2320
1273 1346
1273 2495
1274 2788
1274 2164
1275 2911
1275 2718
1275 2789
1275 1315
1275 2918
1276 2236
1276 2881
1276 2326
1276 2860
1276 1886
1276 2029
1277 1496
1277 2584
1278 2097
1278 2367
1279 1542
1279 1465
1280 1813
1280 1372
1281 1777
1281 2325
1281 2176
1281 1890
1281 2528
1281 1883
1282 1303
1282 1403
1283 1712
1283 2908
1283 2965
1284 2881
1284 1866
1285 1912
1285 2854
1286 2603
1286 1532
1286 2850
1286 2478
1287 1834
1287 2754
1287 1958
1287 2432
1288 2741
1288 1824
1289 2076
1289 1874
1290 2215
1290 2741
1290 2503
1291 1702
1291 2756
1291 1904
1291 2505
1292 1542
1292 1540
1292 2512
1293 1714
1294 1957
1294 2823
1294 1386
1295 1897
1295 2157
1295 2230
1296 2478
1297 2730
1297 2998
1297 2163
1298 1611
1298 1790
1298 1298
1299 1581
1299 1956
1300 1741
1300 2224
1300 2219
1301 2810
1302 2420
1302 2745
1302 2258
1302 1919
1302 1494
1305 2662
1305 2864
1305 1853
1306 2681
1306 1696
1306 1639
1306 2458
1307 1712
1307 1390
1307 2376
1308 2095
1308 2497
1308 2873
1309 2063
1309 2453
1310 2444
1310 2692
1310 1805
1311 2191
1311 2853
1312 2200
1312 2350
1313 2750
1313 2702
1314 2781
1314 1415
1315 1460
1316 2204
1316 1708
1317 2693
1317 1835
1318 1702
1319 1581
1319 2205
1319 1352
1319 2180
1320 2424
1320 2736
1322 2044
1322 1368
1322 2390
1322 2981
1322 2268
1323 2474
1324 2837
1324 1803
1324 2060
1325 1768
1325 2333
1325 1912
1326 1930
1326 1516
1327 2559
1327 1468
1328 2221
1328 2317
1328 2093
1328 2080
1329 2327
1329 1793
1330 2739
1330 1564
1331 2653
1331 2356
1332 2134
1332 2340
1332 1901
1332 1489
1332 1529
1332 2428
1333 1831
1333 1838
1333 1522
1334 2305
1334 2047
1334 2410
1334 2969
1335 2582
1335 2869
1335 2547
1335 2877
1336 2582
1336 1379
1336 2367
1336 2478
1337 2312
1337 2408
1338 2222
1338 2758
1338 1864
1339 1556
1339 2727
1339 1360
1340 2206
1340 1944
1340 2744
1340 2945
1341 1490
1342 2842
1342 2139
1342 2980
1343 1565
1343 2168
1343 1629
1344 2622
1344 2172
1344 1704
1344 2858
1344 1969
1345 1611
1345 1426
1346 2246
1346 1990
1347 2662
1347 1732
1347 1513
1347 2547
1348 2080
1349 2320
1349 2342
1349 2237
1350 2280
1350 2789
1350 1759
1350 2177
1351 2257
1351 2874
1352 2187
1352 2827
1353 2076
1353 2666
1354 2450
1354 2230
1355 2585
1355 2452
1355 2954
1356 2812
1356 1920
1357 2751
1357 2098
1357 2989
1358 2655
1358 1968
1358 2919
1359 1554
1359 2755
1359 2400
1359 2827
1360 2846
1360 2855
1360 2426
1361 2323
1362 2269
1362 2850
1362 2343
1363 2624
1363 2179
1364 2697
1364 2320
1364 2996
1364 2224
1364 2696
1365 2538
1365 2695
1365 1376
1366 2293
1367 1464
1368 1919
1369 2259
1369 2808
1369 2220
1369 1403
1370 1538
1370 2847
1370 2938
1371 2567
1371 1495
1372 1926
1373 2208
1373 2764
1374 1491
1374 2701
1375 1963
1375 2431
1375 1699
1376 2835
1376 2496
1377 1643
1377 2746
1377 1787
1377 1802
1377 2109
1378 2069
1378 2352
1379 1762
1379 2114
1380 2858
1381 2894
1381 2939
1381 1959
1382 2212
1382 1974
1383 2826
1383 2665
1384 1951
1384 1549
1384 2484
1385 2580
1385 1488
1386 2051
1387 2061
1387 2371
1387 1734
1388 1668
1388 1398
1391 1853
1391 1548
1391 1614
1392 2139
1392 1469
1392 1912
1394 1699
1394 2266
1395 2537
1395 2286
1395 2881
1396 2096
1396 1635
1396 2033
1396 1533
1397 2052
1398 1989
1399 1772
1399 1819
1399 2110
1399 1670
1399 2455
1400 2841
1400 1852
1400 1756
1400 2999
1400 1474
1400 2509
1401 2550
1401 2309
1401 2212
1401 2947
1401 2353
1401 1443
1401 1468
1401 2137
1402 2940
1402 2006
1403 2213
1404 2593
1404 1412
1405 2810
1405 1588
1406 2144
1407 2846
1407 1886
1408 2668
1408 2953
1408 2974
1409 1961
1409 2970
1409 1785
1409 2461
1410 2163
1410 1877
1410 2719
1410 2505
1411 2837
1411 2076
1411 2755
1412 2454
1413 1868
1413 1832
1414 1831
1414 2776
1414 1706
1415 1739
1415 2262
1416 2587
1417 2562
1417 2119
1418 2100
1418 2381
1419 2650
1419 2186
1419 2449
1419 2512
1420 2021
1420 1522
1421 1533
1421 2345
1422 2510
1423 2636
1423 2836
1423 2179
1423 1684
1424 2647
1424 2582
1425 2171
1426 2438
1426 1520
1426 2406
1427 2388
1428 2967
1428 2110
1428 2825
1428 2467
1429 1572
1429 1456
1429 2367
1430 2109
1430 1793
1430 2318
1430 2688
1431 1951
1431 2468
1431 2260
1431 2816
1432 2777
1432 2095
1433 2113
1433 2893
1433 1991
1433 2511
1433 2526
1434 2694
1434 1858
1434 2025
1435 2625
1435 1699
1436 2958
1436 2508
1437 2700
1437 2974
1438 2911
1439 2578
1439 2135
1439 2269
1440 1859
1441 1647
1441 2774
1441 2429
1442 2668
1442 2406
1442 1930
1442 2843
1442 2554
1442 2561
1442 2351
1443 1797
1444 1773
1445 2828
1446 1667
1446 1630
1446 2034
1447 1549
1447 2973
1447 2469
1448 2242
1448 2625
1449 2629
1449 1835
1450 2616
1450 1945
1451 2100
1451 1526
1451 2480
1451 1707
1452 2756
1452 1773
1452 2962
1452 1830
1452 2368
1452 1619
1452 2999
1453 1557
1453 1549
1454 1893
1454 2708
1454 2292
1455 1666
1455 2643
1455 2218
1456 2056
1456 2701
1456 2259
1456 1952
1457 2752
1457 2323
1458 2071
1458 2628
1458 2039
1459 2966
1460 2512
1460 2667
1460 1663
1461 2290
1461 2201
1461 2256
1461 2229
1461 2268
1461 2695
1461 2503
1462 2220
1462 1852
1463 1752
1464 1719
1465 2857
1465 1809
1466 2941
1467 2045
1467 1929
1467 1514
1468 1994
1469 1768
1469 2517
1470 1794
1470 2424
1470 1559
1470 2097
1471 2585
1471 1508
1472 1691
1472 2932
1473 1864
1473 1473
1475 2895
1475 2181
1476 1537
1476 1823
1477 1864
1477 2481
1478 2702
1478 2689
1478 2532
1479 1598
1479 2711
1479 2475
1480 1976
1481 1569
1482 1803
1482 2301
1482 1623
1483 2569
1484 1873
1484 1808
1484 2307
1484 2379
1484 2757
1484 1707
1485 2079
1485 2097
1486 2755
1486 2072
1488 1545
1488 2797
1489 2774
1489 1880
1489 2009
1489 2545
1490 1564
1490 1591
1491 2952
1491 2763
1492 2829
1492 1892
1493 1543
1493 2246
1493 2640
1494 2963
1494 2957
1494 1803
1495 2050
1495 2076
1495 2666
1495 1967
1496 1779
1497 2649
1497 2984
1498 2881
1498 2609
1499 2602
1499 1579
1499 2778
1499 1942
1499 2027
1500 2321
1500 1828
1501 1677
1501 2913
1502 1788
1502 2517
1503 2461
1504 2513
1505 2710
1505 2816
1506 2656
1506 2964
1507 2472
1507 2638
1507 2119
1507 1998
1508 2232
1509 1962
1510 2474
1510 2208
1511 2100
1511 2599
1511 1682
1511 2555
1511 2033
1511 2344
1512 2141
1512 1635
1512 2014
1513 2929
1513 2137
1514 2162
1514 1990
1515 2483
1515 1626
1515 2542
1516 2828
1516 2948
1516 2905
1517 2466
1517 2738
1517 2288
1518 1845
1518 1781
1519 1590
1519 2401
1520 2572
1521 1853
1522 2718
1522 2733
1522 2699
1522 2201
1522 2432
1522 1542
1522 2448
1523 2699
1523 2432
1523 2133
1524 2121
1524 2375
1524 2247
1525 2355
1525 2914
1526 2522
1527 2095
1528 2136
1529 2516
1530 2559
1531 2212
1531 2969
1531 2505
1532 2103
1532 1591
1532 2019
1534 2388
1534 2460
1535 2722
1535 2491
1536 2666
1536 2952
1536 1601
1537 1966
1537 2204
1539 2049
1539 1603
1539 2913
1540 2862
1540 1830
1540 2603
1540 2329
1540 2031
1541 2971
1541 1880
1542 1905
1542 2060
1542 2802
1543 2729
1543 2591
1544 1700
1545 2105
1545 2592
1545 1627
1545 1988
1545 2004
1545 1555
1546 1843
1547 2095
1547 1900
1548 2502
1548 2627
1549 2911
1550 1809
1550 2105
1551 1780
1551 2759
1551 1629
1551 2225
1551 2618
1551 1605
1551 2346
1552 1591
1552 2801
1552 2583
1552 2644
1553 2400
1553 2497
1554 2073
1554 1673
1554 2456
1554 2419
1554 2580
1554 2076
1555 1742
1555 1812
1556 2215
1556 2986
1557 2542
1557 2885
1557 2328
1558 2905
1558 2878
1559 1745
1559 1568
1559 1569
1559 2011
1560 1949
1560 1579
1560 2586
1560 2371
1561 2585
1561 1936
1561 1946
1562 2333
1562 2279
1562 2374
1562 1912
1562 1958
1562 1921
1563 2085
1563 1582
1565 2057
1565 1986
1566 1865
1566 2580
1566 2360
1567 2483
1567 2491
1568 1575
1568 2788
1569 2583
1570 2076
1570 2349
1570 1677
1570 1842
1570 2320
1571 1631
1571 1651
1572 1601
1572 2183
1572 2002
1573 2663
1573 1684
1573 2968
1574 2197
1574 2752
1574 2412
1574 1734
1574 1845
1574 2606
1574 2671
1576 2217
1576 1802
1576 2243
1576 2884
1577 2057
1577 2078
1577 2607
1577 2096
1577 2289
1578 1659
1578 2922
1578 2717
1578 2734
1579 2027
1580 1737
1580 2916
1580 2298
1580 2115
1580 2742
1581 2877
1582 2133
1582 2135
1582 2830
1583 1777
1583 2325
1584 2099
1584 2019
1584 1591
1584 1687
1585 1905
1585 1600
1585 1889
1585 2450
1586 2155
1586 2252
1587 1612
1587 2159
1587 2966
1587 1976
1587 2556
1587 1993
1588 1766
1588 2393
1588 2924
1589 2118
1589 2961
1589 2979
1590 2086
1590 1669
1590 2204
1591 1680
1591 2170
1591 2742
1591 1737
1591 1710
1591 1650
1591 2011
1592 2596
1592 2883
1592 1602
1592 1630
1592 2534
1593 1631
1593 1626
1593 2196
1593 1674
1594 1683
1594 2631
1595 2887
1595 2721
1596 2521
1596 2269
1596 2516
1596 2558
1597 1730
1597 1812
1598 1620
1599 2784
1599 2140
1599 1674
1599 2762
1599 1908
1600 2238
1600 2391
1601 2349
1601 2982
1602 2704
1602 2269
1602 1863
1603 1624
1603 1626
1603 2929
1605 1682
1606 2642
1607 2553
1607 2732
1607 2929
1607 1970
1608 2264
1609 2827
1609 2026
1609 1979
1610 2623
1610 2197
1611 2584
1611 2439
1611 1649
1612 2471
1613 2867
1613 2871
1614 2926
1614 2689
1615 2141
1615 2199
1615 2635
1615 2188
1615 2344
1616 1925
1616 2775
1616 2149
1616 2172
1616 1908
1617 2323
1617 2632
1618 2092
1619 2391
1619 1688
1620 1769
1620 2356
1620 2267
1620 2109
1620 2389
1620 1836
1620 2140
1621 2261
1621 2834
1622 1792
1622 2800
1623 2608
1624 2088
1624 2460
1624 2411
1624 2105
1624 2462
1624 2824
1625 2759
1625 2156
1625 2705
1626 2557
1627 2749
1627 2055
1627 2612
1628 2063
1628 2577
1628 2141
1629 2786
1629 2749
1629 2705
1629 2492
1630 2249
1631 2357
1631 1897
1632 1659
1632 2847
1632 2331
1632 2986
1632 1847
1633 2267
1633 1808
1633 1770
1634 2169
1634 1847
1636 2791
1636 1702
1637 2221
1637 1675
1637 2964
1638 2179
1638 1701
1638 1881
1639 1699
1640 2612
1640 2159
1641 2405
1642 2113
1643 2197
1643 2582
1643 2383
1644 1650
1644 1745
1645 2596
1645 2181
1645 2207
1646 1816
1646 2731
1647 2975
1647 1804
1648 2844
1648 2015
1648 2236
1649 2141
1650 1708
1650 2851
1650 1650
1650 1966
1651 2574
1651 2034
1652 2678
1652 2203
1652 2531
1653 2212
1654 2419
1654 2333
1654 1772
1654 2837
1655 2638
1655 2433
1656 1826
1656 2120
1656 2935
1657 1914
1657 2073
1658 2182
1658 1800
1660 2446
1661 1958
1661 2101
1661 2110
1661 1742
1661 2382
1662 2107
1662 2301
1663 2650
1663 2601
1663 1900
1663 2724
1663 2934
1664 2565
1664 2131
1664 2938
1664 2404
1665 2147
1665 2893
1665 2933
1665 2336
1665 1696
1665 2230
1666 2701
1666 2894
1667 1780
1667 2346
1668 1763
1668 2645
1668 2728
1668 1795
1669 2851
1669 1687
1669 1983
1670 2415
1671 2001
1671 2983
1671 2952
1672 2678
1672 1735
1672 2233
1673 2817
1674 2135
1674 2779
1675 2675
1675 2563
1675 2407
1677 2548
1677 2707
1677 2491
1678 2988
1678 2254
1679 2764
1680 2551
1681 1733
1681 1741
1681 2244
1681 2895
1681 2904
1683 2610
1683 2141
1683 2245
1683 2460
1684 2605
1685 1747
1686 2050
1686 2673
1686 2686
1686 1928
1686 2730
1687 2170
1688 2143
1688 1934
1688 2534
1689 2098
1689 2371
1689 1806
1689 2949
1690 2574
1692 2663
1693 2707
1693 1869
1693 2557
1695 1716
1695 2002
1695 2543
1696 2932
1696 2463
1697 2789
1698 2611
1698 2403
1699 1766
1699 2873
1699 2761
1699 2449
1699 2205
1700 2574
1700 2934
1700 1945
1702 2039
1704 1925
1704 1932
1705 2073
1705 2050
1706 2764
1706 2918
1706 1764
1707 2757
1708 1761
1709 2574
1709 2605
1710 2148
1711 2149
1711 2379
1712 2692
1712 2046
1712 1933
1712 1984
1712 2091
1712 2268
1712 1759
1713 2035
1713 2676
1715 2204
1716 1767
1716 1893
1717 2261
1717 2719
1717 1727
1717 2271
1718 2897
1718 2722
1718 2405
1718 2886
1719 2299
1720 1840
1720 2453
1721 2027
1721 2090
1721 2969
1722 2676
1722 2681
1723 1797
1723 1917
1724 2848
1724 2422
1725 1795
1725 2287
1725 2059
1725 2500
1726 2592
1727 2212
1727 2443
1728 2718
1728 2376
1729 2114
1729 2735
1729 2108
1729 2344
1729 2523
1730 2055
1730 1779
1731 2736
1732 1883
1732 1960
1733 2224
1733 2354
1735 2065
1735 2458
1737 2011
1739 2097
1739 2250
1740 2639
1740 2558
1740 1931
1740 2489
1741 1815
1742 2091
1744 2756
1744 1926
1744 2220
1745 2011
1746 2690
1746 2701
1746 2320
1746 1785
1746 2383
1747 2714
1747 1934
1748 2215
1748 2335
1748 1786
1749 2065
1749 2225
1750 2134
1751 2192
1751 2430
1752 1825
1752 2577
1753 2626
1754 2947
1754 2336
1754 1855
1755 1868
1755 2361
1756 2227
1756 2390
1756 2912
1757 2820
1757 2275
1758 2872
1758 2066
1759 2699
1761 2196
1761 2920
1761 2737
1761 1827
1762 2391
1764 2025
1764 2422
1765 2560
1765 2615
1765 1951
1766 2282
1767 2209
1767 2046
1768 2819
1769 2673
1769 2713
1769 2337
1770 2949
1770 2561
1771 1840
1772 2101
1772 2455
1772 2923
1772 2940
1772 2434
1772 2467
1772 2517
1773 2501
1775 2907
1775 2039
1776 2131
1776 2944
1777 2097
1777 2528
1777 2358
1777 2345
1778 2112
1779 1812
1779 1986
1780 2168
1781 1899
1781 1973
1781 1800
1782 2437
1783 1831
1783 2025
1785 2970
1785 1833
1787 2142
1787 2048
1787 2243
1787 2687
1787 2887
1787 2651
1788 2434
1788 2821
1788 2815
1790 2293
1790 2321
1791 2443
1792 2653
1792 2297
1792 2370
1794 2756
1794 1926
1796 2010
1796 2815
1797 2003
1799 2664
1800 1899
1800 2968
1800 2843
1801 2122
1801 2332
1802 2020
1803 2241
1805 2527
1805 2861
1805 2351
1806 2304
1806 2585
1807 2318
1807 2762
1808 2177
1810 2670
1810 2687
1811 2560
1812 2162
1812 2058
1812 2968
1812 2701
1812 1988
1814 2826
1814 1961
1814 2009
1815 1827
1815 2372
1815 2266
1816 1867
1816 2109
1816 2140
1816 2303
1817 2835
1818 1920
1819 1854
1820 2380
1821 2002
1822 2134
1822 2871
1823 2204
1824 2844
1824 2074
1824 2855
1824 1845
1825 2721
1825 2185
1825 2987
1826 2015
1827 2200
1827 2237
1827 2219
1828 2193
1830 2963
1831 2852
1831 2949
1832 2284
1832 2877
1832 2459
1833 2950
1833 1953
1834 1975
1835 2569
1836 2228
1837 2634
1837 2154
1838 1995
1840 2034
1840 2536
1841 2899
1842 2451
1843 2621
1843 1909
1843 2976
1844 2244
1844 2639
1844 2646
1844 2154
1846 1902
1846 2302
1846 2634
1846 2513
1848 2107
1848 2419
1848 1877
1848 1912
1850 2575
1850 2736
1851 2817
1851 2952
1853 2355
1853 2457
1854 2634
1855 2769
1856 2828
1856 2920
1856 2444
1857 1864
1857 1947
1858 2432
1858 2351
1858 2692
1858 2845
1859 2831
1860 2641
1860 2404
1860 2986
1861 2562
1861 2586
1861 2530
1862 2177
1862 1881
1862 2948
1864 1981
1864 2181
1865 2073
1866 2239
1867 2875
1867 1897
1867 1911
1868 2934
1869 2795
1869 2350
1869 2557
1870 2268
1871 2052
1871 2183
1871 2871
1871 2429
1872 2413
1872 2370
1872 2465
1873 2832
1874 2360
1874 1878
1876 2745
1876 2081
1877 2812
1877 2189
1878 2624
1878 2240
1879 2450
1879 2712
1880 1939
1880 2700
1881 2713
1883 2811
1883 1907
1884 2125
1885 2040
1887 2071
1887 2338
1887 2708
1888 2124
1890 2914
1892 2715
1892 1893
1893 2334
1893 2882
1894 2328
1895 2259
1895 1895
1895 2485
1896 2604
1897 2088
1897 2900
1897 2553
1897 2960
1897 2547
1898 2791
1898 1932
1898 1969
1899 2561
1899 2828
1900 2631
1901 2871
1901 2198
1903 2263
1903 2268
1905 2728
1906 2912
1906 2408
1906 1945
1910 2861
1910 2421
1910 2243
1911 2732
1911 2251
1911 2333
1912 2815
1912 2101
1912 2819
1913 2844
1913 1913
1915 2184
1915 2255
1916 2246
1916 2089
1918 2803
1920 2758
1920 2682
1920 2505
1922 2074
1923 2955
1924 2991
1924 2012
1926 2984
1927 2776
1927 1995
1929 2874
1929 2485
1929 2975
1930 2920
1930 2444
1931 2139
1931 2203
1932 2750
1932 2632
1933 2789
1934 2071
1934 2252
1935 2235
1935 2546
1936 2590
1937 2249
1937 2639
1938 2305
1939 2316
1940 2875
1940 2732
1941 2446
1941 1977
1941 2489
1942 2227
1943 2478
1943 2854
1943 2933
1946 2568
1946 2257
1948 2133
1949 2452
1950 2132
1950 2038
1952 2259
1953 2774
1953 2793
1954 2404
1954 2122
1955 2746
1955 1955
1956 2346
1956 2026
1957 2664
1957 2048
1958 2319
1960 2409
1960 2930
1961 2763
1963 2527
1964 2714
1964 2856
1965 2978
1966 2670
1968 2331
1969 2706
1969 2404
1971 2778
1973 2828
1974 2838
1974 2509
1975 2116
1977 2120
1978 2310
1979 2350
1979 2498
1979 2065
1982 2649
1983 2170
1983 2106
1984 2798
1984 1998
1985 2704
1986 2599
1986 2096
1987 2978
1987 2470
1987 2979
1988 2460
1989 2295
1991 2595
1991 2103
1992 2723
1992 2878
1993 2956
1993 2396
1993 2812
1993 2286
1996 2470
1996 2118
1997 2343
1998 2910
1998 2403
1998 2543
1999 2602
1999 2463
2000 2909
2000 2707
2001 2982
2001 2567
2002 2514
2003 2272
2004 2323
2004 2074
2005 2005
2006 2556
2007 2691
2008 2104
2009 2566
2011 2164
2011 2011
2011 2742
2011 2461
2014 2689
2014 2702
2014 2421
2014 2073
2015 2812
2016 2250
2016 2336
2018 2157
2018 2703
2018 2272
2019 2872
2019 2854
2020 2520
2020 2810
2022 2022
2023 2680
2024 2098
2025 2079
2026 2187
2026 2426
2027 2638
2027 2559
2028 2612
2029 2664
2029 2377
2030 2371
2030 2854
2031 2135
2031 2133
2031 2306
2033 2749
2035 2924
2035 2809
2036 2550
2037 2806
2038 2589
2039 2960
2039 2753
2040 2944
2040 2704
2041 2113
2041 2523
2042 2987
2043 2759
2043 2991
2043 2129
2044 2053
2044 2781
2045 2521
2046 2229
2046 2373
2046 2861
2047 2221
2048 2386
2048 2578
2048 2652
2049 2885
2049 2220
2050 2349
2050 2366
2051 2357
2051 2929
2051 2514
2051 2723
2052 2780
2052 2054
2053 2510
2053 2221
2053 2984
2054 2159
2055 2729
2055 2237
2055 2660
2056 2194
2056 2056
2056 2682
2058 2640
2059 2086
2060 2977
2060 2500
2060 2082
2060 2269
2060 2295
2061 2677
2061 2413
2061 2559
2062 2232
2062 2972
2063 2689
2064 2797
2065 2347
2065 2167
2066 2631
2066 2684
2066 2114
2067 2523
2067 2459
2067 2108
2067 2698
2068 2592
2069 2206
2069 2880
2070 2456
2071 2308
2071 2548
2071 2329
2072 2456
2072 2626
2073 2076
2073 2580
2074 2242
2075 2617
2075 2116
2076 2580
2077 2654
2077 2854
2077 2324
2077 2313
2077 2948
2078 2688
2078 2610
2078 2160
2078 2944
2079 2792
2079 2367
2082 2249
2082 2255
2083 2323
2083 2903
2084 2880
2085 2782
2085 2254
2086 2916
2086 2099
2087 2987
2088 2484
2088 2225
2089 2246
2090 2563
2090 2888
2090 2669
2091 2725
2092 2720
2092 2637
2092 2647
2093 2305
2094 2665
2094 2850
2095 2208
2095 2625
2096 2787
2097 2604
2097 2793
2098 2559
2099 2592
2100 2585
2101 2575
2101 2155
2101 2815
2101 2447
2102 2996
2102 2205
2102 2697
2103 2111
2103 2204
2104 2216
2104 2799
2106 2865
2106 2473
2107 2374
2107 2815
2107 2984
2108 2446
2108 2790
2109 2356
2109 2622
2109 2669
2110 2837
2110 2524
2111 2788
2112 2935
2112 2646
2113 2976
2113 2285
2114 2684
2114 2120
2114 2137
2114 2661
2115 2115
2115 2801
2116 2116
2117 2304
2118 2642
2118 2527
2119 2586
2119 2696
2120 2621
2120 2285
2120 2948
2120 2511
2121 2274
2121 2355
2122 2420
2122 2630
2124 2196
2124 2878
2125 2300
2125 2378
2126 2128
2127 2952
2127 2906
2127 2581
2129 2550
2129 2951
2130 2713
2130 2327
2131 2906
2131 2685
2131 2828
2132 2564
2133 2254
2134 2701
2135 2173
2135 2207
2136 2206
2136 2349
2138 2222
2139 2819
2139 2319
2139 2810
2139 2837
2139 2296
2140 2779
2141 2688
2142 2623
2143 2314
2143 2173
2145 2364
2145 2340
2146 2579
2146 2628
2147 2703
2148 2644
2149 2475
2150 2403
2150 2150
2151 2202
2152 2754
2152 2951
2152 2958
2152 2687
2154 2709
2154 2882
2154 2374
2156 2571
2156 2488
2157 2161
2158 2656
2158 2730
2159 2565
2161 2491
2161 2679
2161 2531
2163 2657
2164 2619
2165 2674
2165 2297
2166 2843
2167 2707
2169 2828
2169 2406
2171 2702
2171 2995
2172 2902
2173 2608
2175 2614
2175 2595
2175 2805
2175 2944
2175 2556
2176 2176
2177 2189
2177 2711
2178 2223
2179 2267
2179 2240
2179 2370
2180 2989
2180 2339
2181 2518
2182 2277
2185 2470
2186 2594
2187 2877
2189 2261
2189 2505
2190 2739
2192 2402
2192 2890
2192 2682
2192 2348
2192 2505
2193 2658
2193 2197
2194 2566
2195 2777
2196 2483
2197 2386
2197 2550
2197 2722
2200 2219
2200 2401
2200 2816
2200 2820
2200 2849
2200 2498
2201 2280
2201 2918
2201 2351
2201 2474
2202 2673
2203 2678
2203 2795
2203 2311
2204 2210
2204 2486
2204 2872
2205 2275
2205 2354
2206 2504
2207 2628
2207 2728
2207 2665
2207 2276
2207 2281
2207 2578
2207 2657
2209 2290
2210 2519
2211 2448
2211 2502
2212 2935
2213 2213
2214 2659
2214 2773
2215 2507
2216 2903
2216 2766
2217 2680
2217 2322
2218 2280
2218 2365
2218 2908
2218 2334
2219 2896
2219 2399
2219 2827
2221 2472
2221 2503
2223 2226
2225 2679
2225 2835
2226 2760
2228 2394
2229 2861
2230 2913
2230 2405
2231 2603
2232 2381
2232 2480
2233 2692
2233 2733
2235 2412
2235 2236
2235 2396
2237 2350
2238 2301
2238 2338
2238 2478
2239 2727
2239 2931
2239 2294
2239 2466
2241 2832
2241 2389
2243 2680
2245 2607
2249 2988
2250 2839
2250 2496
2251 2388
2251 2512
2253 2414
2253 2384
2254 2760
2255 2308
2255 2581
2256 2715
2256 2852
2256 2373
2257 2340
2257 2429
2258 2328
2258 2420
2258 2317
2259 2259
2259 2341
2260 2441
2263 2516
2264 2330
2265 2489
2268 2876
2268 2365
2269 2276
2269 2402
2269 2830
2270 2766
2270 2412
2270 2866
2271 2484
2271 2430
2271 2969
2272 2693
2273 2657
2274 2457
2275 2917
2275 2441
2276 2857
2277 2564
2278 2997
2279 2652
2279 2825
2281 2831
2282 2613
2286 2752
2287 2758
2288 2656
2288 2730
2288 2770
2291 2370
2292 2876
2292 2313
2293 2700
2295 2901
2296 2374
2296 2556
2298 2345
2300 2832
2302 2709
2302 2891
2303 2632
2303 2337
2304 2602
2307 2389
2308 2553
2310 2690
2311 2803
2311 2463
2312 2368
2313 2668
2313 2416
2314 2391
2314 2478
2314 2516
2315 2358
2316 2808
2317 2410
2318 2779
2318 2539
2319 2524
2319 2896
2320 2710
2320 2399
2321 2378
2321 2691
2322 2578
2322 2663
2323 2664
2323 2412
2323 2793
2324 2620
2324 2439
2326 2846
2329 2802
2330 2713
2331 2641
2331 2899
2333 2815
2333 2467
2337 2762
2339 2989
2340 2796
2341 2568
2342 2679
2347 2762
2348 2772
2349 2952
2350 2849
2352 2721
2353 2505
2354 2804
2354 2927
2354 2399
2354 2362
2358 2604
2360 2580
2361 2849
2363 2671
2363 2761
2365 2718
2369 2807
2369 2598
2369 2515
2370 2632
2370 2779
2370 2748
2370 2818
2371 2586
2372 2827
2373 2930
2373 2432
2377 2727
2380 2655
2381 2387
2384 2479
2384 2562
2385 2479
2386 2746
2389 2622
2390 2555
2391 2747
2391 2785
2392 2714
2394 2506
2395 2544
2397 2429
2397 2743
2398 2776
2399 2710
2400 2743
2402 2770
2403 2798
2404 2734
2404 2614
2406 2620
2407 2818
2408 2424
2409 2711
2411 2946
2412 2977
2412 2477
2414 2778
2416 2843
2417 2789
2418 2657
2418 2730
2418 2656
2419 2652
2420 2560
2420 2756
2420 2528
2421 2955
2423 2964
2424 2890
2425 2745
2426 2518
2427 2489
2428 2932
2428 2678
2428 2680
2429 2780
2430 2838
2431 2594
2432 2739
2434 2842
2437 2999
2437 2886
2438 2601
2438 2939
2438 2449
2440 2970
2441 2989
2442 2737
2445 2766
2447 2815
2449 2613
2449 2901
2449 2527
2450 2741
2450 2726
2452 2638
2452 2696
2453 2995
2454 2919
2455 2923
2456 2952
2458 2707
2459 2511
2460 2905
2460 2553
2460 2960
2464 2720
2464 2508
2467 2517
2468 2777
2469 2875
2471 2734
2471 2972
2471 2706
2472 2696
2472 2814
2473 2843
2475 2672
2478 2603
2482 2680
2483 2818
2486 2979
2489 2684
2489 2562
2490 2939
2492 2950
2493 2609
2493 2633
2494 2978
2494 2972
2496 2913
2497 2809
2498 2934
2500 2665
2501 2797
2501 2904
2502 2651
2505 2997
2505 2812
2509 2584
2510 2738
2512 2978
2512 2650
2513 2790
2519 2932
2520 2746
2520 2712
2522 2602
2522 2562
2523 2558
2524 2815
2526 2661
2526 2621
2526 2684
2531 2932
2533 2652
2533 2533
2534 2850
2535 2695
2535 2737
2536 2689
2537 2614
2538 2598
2541 2633
2541 2576
2544 2600
2545 2796
2546 2664
2548 2710
2549 2787
2550 2647
2553 2868
2555 2610
2555 2749
2556 2589
2556 2944
2556 2906
2556 2595
2557 2912
2560 2911
2561 2971
2563 2609
2564 2928
2564 2805
2564 2593
2565 2899
2566 2598
2567 2767
2569 2603
2570 2888
2573 2716
2573 2612
2575 2586
2577 2615
2578 2754
2578 2958
2580 2784
2580 2945
2580 2935
2584 2821
2585 2901
2585 2882
2587 2972
2587 2613
2588 2906
2588 2614
2589 2943
2589 2986
2591 2640
2592 2952
2593 2925
2594 2924
2595 2922
2595 2847
2595 2928
2595 2942
2596 2833
2597 2708
2599 2749
2600 2683
2602 2638
2603 2850
2605 2675
2608 2648
2608 2747
2609 2911
2612 2640
2613 2809
2613 2978
2618 2936
2621 2661
2624 2748
2625 2979
2626 2945
2626 2982
2629 2674
2630 2771
2630 2987
2631 2631
2634 2940
2635 2635
2635 2892
2636 2891
2637 2647
2638 2949
2638 2677
2638 2696
2643 2667
2643 2761
2645 2833
2647 2991
2651 2675
2652 2882
2653 2784
2654 2700
2654 2654
2654 2879
2654 2727
2655 2847
2656 2859
2657 2997
2658 2658
2658 2670
2658 2750
2659 2822
2664 2999
2668 2865
2671 2741
2672 2762
2683 2751
2686 2748
2689 2974
2690 2780
2691 2971
2694 2699
2694 2910
2694 2776
2695 2726
2699 2930
2702 2818
2703 2932
2707 2897
2710 2904
2713 2942
2713 2740
2713 2870
2714 2753
2719 2997
2721 2921
2721 2762
2728 2785
2732 2911
2733 2930
2734 2928
2739 2934
2744 2747
2745 2984
2749 2783
2753 2969
2760 2833
2762 2870
2763 2826
2765 2926
2767 2983
2767 2880
2767 2895
2768 2806
2770 2856
2770 2846
2773 2811
2773 2839
2777 2924
2781 2822
2789 2852
2791 2915
2794 2954
2803 2803
2804 2875
2807 2871
2808 2871
2809 2973
2809 2873
2810 2815
2812 2919
2813 2981
2815 2819
2815 2836
2815 2967
2815 2858
2821 2974
2828 2865
2835 2853
2839 2893
2842 2896
2842 2882
2843 2974
2846 2995
2854 2937
2859 2934
2862 2862
2868 2888
2868 2911
2876 2930
2881 2956
2882 2992
2885 2885
2886 2910
2887 2921
2894 2939
2895 2992
2898 2920
2899 2966
2899 2986
2904 2927
2907 2998
2910 2965
2917 2992
2922 2986
2931 2956
2935 2993
2937 2971
2952 2952
2953 2953
2959 2959
2978 2986
2985 2985
